   Co09-CO13  1 0.2257 0.2443 0.2647 0.2652 
   Co09-SC01  1 0.2217 0.2422 0.2679 0.2683 
   Co09-SC02  1 0.2355 0.2438 0.2612 0.2595 
   Co09-SC03  1 0.2475 0.2518 0.2504 0.2503 
   Co09-SC04  1 0.2547 0.2552 0.2450 0.2452 
   Co09-SC05  1 0.2759 0.2594 0.2319 0.2328 
   Co09-SC06  1 0.2396 0.2464 0.2570 0.2569 
   Co09-SC07  1 0.2946 0.2594 0.2232 0.2228 
   Co09-SC08  1 0.2635 0.2537 0.2432 0.2396 
   Co09-SC10  1 0.2445 0.2483 0.2536 0.2537 
   Co09-SC11  1 0.2127 0.2389 0.2748 0.2736 
   Co09-SC12  1 0.2465 0.2500 0.2511 0.2524 
   Co09-SC14  1 0.2559 0.2517 0.2457 0.2467 
   Co09-SC15  1 0.2699 0.2559 0.2368 0.2375 
   Co09-SC16  1 0.2180 0.2390 0.2721 0.2710 
   Co09-SC18  1 0.2453 0.2518 0.2510 0.2519 
   Co09-SC19  1 0.2376 0.2469 0.2585 0.2570 
   Co09-SC20  1 0.2415 0.2471 0.2570 0.2545 
   Co09-SC21  1 0.2223 0.2437 0.2665 0.2676 
   Co09-SC23  1 0.2580 0.2484 0.2473 0.2463 
   Co09-SC24  1 0.2677 0.2542 0.2385 0.2397 
   Co09-SC25  1 0.2513 0.2524 0.2479 0.2484 
   Co09-SC27  1 0.2099 0.2362 0.2786 0.2754 
   Co09-SC28  1 0.2325 0.2449 0.2618 0.2608 
   Co09-SC29  1 0.2249 0.2436 0.2662 0.2652 
   Co09-SC30  1 0.2973 0.2596 0.2215 0.2216 
   Co09-SC31  1 0.2431 0.2472 0.2553 0.2544 
   Co09-SF05  1 0.2474 0.2517 0.2501 0.2509 
   Co09-SF08  1 0.2564 0.2500 0.2489 0.2447 
   Co09-SF12  1 0.2497 0.2473 0.2514 0.2516 
   Co09-SF13  1 0.2409 0.2459 0.2566 0.2566 
   Co09-SF15  1 0.2572 0.2518 0.2470 0.2440 
   Co09-SF16  1 0.2396 0.2440 0.2588 0.2575 
   Co09-SF20  1 0.2350 0.2450 0.2604 0.2597 
   Co09-SF21  1 0.2784 0.2584 0.2321 0.2311 
   Co09-SF22  1 0.2179 0.2395 0.2716 0.2710 
   Co09-SF24  1 0.2947 0.2604 0.2219 0.2231 
   Co09-SF25  1 0.2807 0.2609 0.2290 0.2294 
   Co09-SF27  1 0.2745 0.2558 0.2350 0.2348 
   Co09-SF28  1 0.2723 0.2541 0.2370 0.2366 
   Co09-SF29  1 0.2537 0.2517 0.2478 0.2468 
   Co09-SF30  1 0.2604 0.2553 0.2417 0.2425 
  Co09-SF301  1 0.2423 0.2483 0.2544 0.2550 
  Co09-SF302  1 0.2454 0.2512 0.2514 0.2520 
  Co09-SF303  1 0.2562 0.2507 0.2456 0.2475 
  Co09-SF304  1 0.2502 0.2500 0.2500 0.2497 
  Co09-SF307  1 0.2717 0.2595 0.2337 0.2352 
  Co09-SF308  1 0.2458 0.2499 0.2515 0.2528 
  Co09-SF309  1 0.2349 0.2431 0.2627 0.2594 
  Co09-SF310  1 0.2374 0.2459 0.2579 0.2587 
  Co09-SF311  1 0.2429 0.2474 0.2556 0.2541 
  Co09-SF324  1 0.2421 0.2471 0.2554 0.2554 
  Co09-SF328  1 0.2602 0.2543 0.2429 0.2425 
  Co09-SF331  1 0.2349 0.2443 0.2605 0.2603 
  Co09-SF335  1 0.2195 0.2410 0.2714 0.2680 
  Co09-SF341  1 0.2228 0.2370 0.2732 0.2670 
  Co09-SF349  1 0.2337 0.2469 0.2600 0.2594 
   Co10-SF50  1 0.2480 0.2524 0.2496 0.2499 
   Co13-2082  1 0.2823 0.2582 0.2301 0.2295 
   Co13-2084  1 0.2736 0.2595 0.2343 0.2327 
   Co13-2085  1 0.2257 0.2425 0.2651 0.2667 
   Co13-2086  1 0.2702 0.2556 0.2372 0.2370 
   Co13-2087  1 0.2542 0.2487 0.2488 0.2483 
   Co13-2092  1 0.2484 0.2514 0.2492 0.2510 
   Co13-2093  1 0.2885 0.2571 0.2278 0.2266 
   Co13-2097  1 0.2178 0.2399 0.2718 0.2706 
   Co13-2098  1 0.2458 0.2487 0.2521 0.2534 
   Co13-2099  1 0.2548 0.2534 0.2459 0.2458 
   Co13-2100  1 0.2576 0.2528 0.2451 0.2446 
   Co13-2101  1 0.2195 0.2411 0.2706 0.2688 
   Co13-2102  1 0.2593 0.2536 0.2436 0.2435 
   Co13-2103  1 0.2462 0.2465 0.2542 0.2531 
   Co13-2104  1 0.3006 0.2593 0.2197 0.2203 
   Co13-2105  1 0.2454 0.2501 0.2527 0.2518 
   Co13-2106  1 0.2756 0.2572 0.2327 0.2346 
   Co13-2107  1 0.2400 0.2495 0.2542 0.2563 
   Co13-2108  1 0.2704 0.2575 0.2364 0.2357 
   Co13-2109  1 0.2568 0.2536 0.2437 0.2459 
   Co13-2110  1 0.2354 0.2463 0.2590 0.2593 
   Co13-2111  1 0.2488 0.2478 0.2508 0.2526 
   Co13-2112  1 0.2449 0.2494 0.2532 0.2525 
   Co13-2114  1 0.2572 0.2507 0.2455 0.2465 
   Co13-2115  1 0.2490 0.2550 0.2478 0.2482 
   Co13-2116  1 0.2189 0.2406 0.2711 0.2694 
   Co13-2117  1 0.2250 0.2461 0.2651 0.2637 
   Co13-2119  1 0.2151 0.2391 0.2729 0.2729 
   Co13-2120  1 0.2544 0.2521 0.2470 0.2465 
   Co13-2121  1 0.2347 0.2444 0.2619 0.2589 
   Co13-2122  1 0.2299 0.2497 0.2598 0.2606 
   Co13-2123  1 0.2497 0.2509 0.2492 0.2502 
   Co13-2124  1 0.2851 0.2627 0.2259 0.2263 
   Co13-2125  1 0.2592 0.2503 0.2444 0.2460 
   Co13-2126  1 0.2527 0.2519 0.2472 0.2482 
   Co13-2127  1 0.2494 0.2487 0.2506 0.2513 
   Co13-2128  1 0.2559 0.2530 0.2455 0.2456 
   Co13-2129  1 0.2338 0.2468 0.2607 0.2587 
   Co13-2130  1 0.2363 0.2438 0.2592 0.2607 
   Co13-2131  1 0.2548 0.2538 0.2461 0.2453 
   Co13-2132  1 0.2615 0.2497 0.2456 0.2432 
   Co13-2133  1 0.2425 0.2478 0.2540 0.2557 
   Co13-2134  1 0.2558 0.2485 0.2496 0.2461 
   Co13-2135  1 0.2553 0.2521 0.2463 0.2463 
   Co13-2136  1 0.2720 0.2532 0.2373 0.2376 
   Co13-2137  1 0.2807 0.2569 0.2310 0.2313 
   Co13-2139  1 0.2641 0.2520 0.2422 0.2417 
   Co13-2140  1 0.2724 0.2587 0.2335 0.2353 
   Co13-2141  1 0.2169 0.2388 0.2718 0.2725 
   Co13-2142  1 0.2434 0.2472 0.2562 0.2532 
   Co13-2143  1 0.2377 0.2450 0.2585 0.2588 
   Co13-2144  1 0.2696 0.2548 0.2378 0.2378 
   Co13-2145  1 0.2520 0.2515 0.2481 0.2485 
   Co13-2146  1 0.2754 0.2549 0.2346 0.2351 
   Co13-2147  1 0.2255 0.2379 0.2695 0.2672 
   Co13-2149  1 0.2610 0.2534 0.2420 0.2435 
   Co13-2150  1 0.2318 0.2472 0.2601 0.2609 
   Co13-2184  1 0.2644 0.2564 0.2397 0.2394 
    Co13-Tg1  1 0.2285 0.2465 0.2634 0.2616 
     Co17-01  1 0.2694 0.2534 0.2384 0.2387 
     Co17-02  1 0.2243 0.2431 0.2671 0.2655 
     Co17-03  1 0.2514 0.2492 0.2497 0.2497 
     Co17-04  1 0.2767 0.2554 0.2333 0.2346 
     Co17-05  1 0.2429 0.2478 0.2547 0.2546 
     Co17-06  1 0.2431 0.2505 0.2535 0.2529 
     Co17-07  1 0.2575 0.2566 0.2429 0.2430 
     Co17-08  1 0.2584 0.2494 0.2474 0.2447 
     Co17-09  1 0.2357 0.2442 0.2604 0.2597 
     Co17-10  1 0.2639 0.2529 0.2419 0.2414 
     Co17-11  1 0.2272 0.2416 0.2664 0.2647 
     Co17-12  1 0.2575 0.2526 0.2448 0.2452 
     Co17-13  1 0.2560 0.2537 0.2447 0.2456 
     Co17-14  1 0.2781 0.2560 0.2326 0.2334 
     Co17-15  1 0.2607 0.2507 0.2445 0.2440 
     Co17-16  1 0.2556 0.2498 0.2478 0.2469 
     Co17-17  1 0.2622 0.2500 0.2443 0.2435 
     Co17-18  1 0.2509 0.2508 0.2484 0.2500 
     Co17-19  1 0.2578 0.2558 0.2423 0.2442 
     Co17-20  1 0.2451 0.2498 0.2531 0.2520 
     Co17-21  1 0.2683 0.2534 0.2393 0.2389 
     Co17-22  1 0.2740 0.2536 0.2363 0.2362 
     Co17-23  1 0.2828 0.2558 0.2301 0.2313 
     Co17-24  1 0.2827 0.2550 0.2316 0.2307 
     Co17-25  1 0.2287 0.2442 0.2634 0.2637 
     Co17-26  1 0.2537 0.2464 0.2512 0.2487 
     Co17-27  1 0.2626 0.2551 0.2421 0.2402 
     Co17-28  1 0.2646 0.2529 0.2409 0.2416 
     Co17-29  1 0.2674 0.2505 0.2418 0.2403 
     Co17-30  1 0.2538 0.2519 0.2464 0.2479 
     Co17-31  1 0.2634 0.2515 0.2429 0.2422 
     Co17-32  1 0.2666 0.2541 0.2394 0.2400 
     Co17-34  1 0.2549 0.2521 0.2459 0.2472 
     Co17-35  1 0.2480 0.2495 0.2507 0.2517 
     Co17-36  1 0.2562 0.2527 0.2457 0.2454 
     Co17-37  1 0.2434 0.2487 0.2535 0.2543 
     Co17-38  1 0.2533 0.2524 0.2473 0.2469 
     Co17-39  1 0.2246 0.2439 0.2661 0.2653 
     Co17-40  1 0.2913 0.2573 0.2258 0.2255 
     Co17-41  1 0.2502 0.2507 0.2500 0.2491 
     Co17-43  1 0.2528 0.2543 0.2463 0.2467 
     Co17-46  1 0.2387 0.2480 0.2564 0.2569 
     Co17-47  1 0.2666 0.2516 0.2405 0.2413 
     Co17-48  1 0.2582 0.2532 0.2441 0.2445 
     Co17-49  1 0.2494 0.2493 0.2502 0.2511 
     Co17-50  1 0.2593 0.2540 0.2424 0.2442 
     Co17-51  1 0.2592 0.2512 0.2442 0.2454 
     Co17-52  1 0.2769 0.2569 0.2327 0.2335 
     Co17-53  1 0.2692 0.2521 0.2401 0.2386 
     Co17-54  1 0.2702 0.2572 0.2360 0.2366 
     Co17-55  1 0.2386 0.2516 0.2541 0.2557 
     Co17-56  1 0.2107 0.2366 0.2778 0.2750 
     Co17-57  1 0.2387 0.2472 0.2574 0.2567 
     Co17-58  1 0.2454 0.2475 0.2546 0.2525 
     Co17-60  1 0.2115 0.2377 0.2748 0.2760 
     Co17-62  1 0.2660 0.2545 0.2396 0.2399 
     Co17-65  1 0.2142 0.2377 0.2746 0.2735 
     Co17-67  1 0.2481 0.2479 0.2510 0.2531 
     Co17-68  1 0.2351 0.2437 0.2605 0.2607 
     Co17-69  1 0.2810 0.2590 0.2299 0.2301 
     Co17-70  1 0.2156 0.2401 0.2708 0.2735 
     Co17-73  1 0.2307 0.2452 0.2620 0.2620 
     Co17-74  1 0.2746 0.2553 0.2352 0.2349 
     Co17-75  1 0.2547 0.2522 0.2466 0.2465 
     Co17-76  1 0.2654 0.2544 0.2406 0.2396 
     Co17-77  1 0.2239 0.2462 0.2654 0.2645 
     Co17-78  1 0.2202 0.2392 0.2710 0.2696 
     Co17-79  1 0.2538 0.2481 0.2498 0.2483 
     Co17-80  1 0.2168 0.2397 0.2729 0.2705 
     Co17-82  1 0.2558 0.2507 0.2476 0.2459 
