   Co09-CO13  1 0.2873 0.3568 0.3559 
   Co09-SC01  1 0.2703 0.3659 0.3638 
   Co09-SC02  1 0.3037 0.3465 0.3497 
   Co09-SC03  1 0.3292 0.3365 0.3343 
   Co09-SC04  1 0.3284 0.3377 0.3339 
   Co09-SC05  1 0.3767 0.3132 0.3101 
   Co09-SC06  1 0.3100 0.3459 0.3440 
   Co09-SC07  1 0.4225 0.2884 0.2891 
   Co09-SC08  1 0.3653 0.3144 0.3202 
   Co09-SC10  1 0.3415 0.3304 0.3281 
   Co09-SC11  1 0.2642 0.3688 0.3670 
   Co09-SC12  1 0.3351 0.3326 0.3323 
   Co09-SC14  1 0.3422 0.3288 0.3289 
   Co09-SC15  1 0.3673 0.3173 0.3154 
   Co09-SC16  1 0.2900 0.3559 0.3541 
   Co09-SC18  1 0.3222 0.3392 0.3386 
   Co09-SC19  1 0.3265 0.3373 0.3362 
   Co09-SC20  1 0.3133 0.3411 0.3457 
   Co09-SC21  1 0.2719 0.3660 0.3621 
   Co09-SC23  1 0.3585 0.3191 0.3225 
   Co09-SC24  1 0.3565 0.3226 0.3209 
   Co09-SC25  1 0.3299 0.3361 0.3341 
   Co09-SC27  1 0.2604 0.3673 0.3723 
   Co09-SC28  1 0.3040 0.3491 0.3469 
   Co09-SC29  1 0.2826 0.3585 0.3588 
   Co09-SC30  1 0.4122 0.2947 0.2931 
   Co09-SC31  1 0.3276 0.3366 0.3358 
   Co09-SF05  1 0.3239 0.3373 0.3389 
   Co09-SF08  1 0.3540 0.3194 0.3266 
   Co09-SF12  1 0.3375 0.3306 0.3319 
   Co09-SF13  1 0.3180 0.3403 0.3418 
   Co09-SF15  1 0.3576 0.3207 0.3217 
   Co09-SF16  1 0.3205 0.3383 0.3411 
   Co09-SF20  1 0.3071 0.3457 0.3472 
   Co09-SF21  1 0.3838 0.3076 0.3086 
   Co09-SF22  1 0.2892 0.3536 0.3572 
   Co09-SF24  1 0.4027 0.2991 0.2982 
   Co09-SF25  1 0.3749 0.3138 0.3113 
   Co09-SF27  1 0.3677 0.3176 0.3148 
   Co09-SF28  1 0.3703 0.3154 0.3143 
   Co09-SF29  1 0.3431 0.3267 0.3302 
   Co09-SF30  1 0.3453 0.3252 0.3295 
  Co09-SF301  1 0.3105 0.3452 0.3443 
  Co09-SF302  1 0.3167 0.3433 0.3400 
  Co09-SF303  1 0.3328 0.3346 0.3326 
  Co09-SF304  1 0.3228 0.3400 0.3372 
  Co09-SF307  1 0.3643 0.3187 0.3169 
  Co09-SF308  1 0.3170 0.3421 0.3410 
  Co09-SF309  1 0.3162 0.3386 0.3452 
  Co09-SF310  1 0.3130 0.3425 0.3444 
  Co09-SF311  1 0.3273 0.3329 0.3398 
  Co09-SF324  1 0.3292 0.3347 0.3361 
  Co09-SF328  1 0.3578 0.3198 0.3224 
  Co09-SF331  1 0.3079 0.3463 0.3458 
  Co09-SF335  1 0.2782 0.3599 0.3620 
  Co09-SF341  1 0.3044 0.3417 0.3538 
  Co09-SF349  1 0.3079 0.3451 0.3470 
   Co10-SF50  1 0.3267 0.3378 0.3356 
   Co13-2082  1 0.3790 0.3110 0.3100 
   Co13-2084  1 0.3798 0.3102 0.3100 
   Co13-2085  1 0.2944 0.3525 0.3530 
   Co13-2086  1 0.3682 0.3163 0.3155 
   Co13-2087  1 0.3350 0.3321 0.3328 
   Co13-2092  1 0.3326 0.3347 0.3326 
   Co13-2093  1 0.4077 0.2958 0.2965 
   Co13-2097  1 0.2784 0.3603 0.3613 
   Co13-2098  1 0.3169 0.3411 0.3421 
   Co13-2099  1 0.3385 0.3306 0.3308 
   Co13-2100  1 0.3595 0.3187 0.3218 
   Co13-2101  1 0.2907 0.3542 0.3551 
   Co13-2102  1 0.3488 0.3253 0.3259 
   Co13-2103  1 0.3199 0.3389 0.3412 
   Co13-2104  1 0.4230 0.2892 0.2879 
   Co13-2105  1 0.3180 0.3426 0.3394 
   Co13-2106  1 0.3688 0.3154 0.3158 
   Co13-2107  1 0.3166 0.3429 0.3405 
   Co13-2108  1 0.3661 0.3168 0.3171 
   Co13-2109  1 0.3277 0.3387 0.3336 
   Co13-2110  1 0.3047 0.3486 0.3467 
   Co13-2111  1 0.3223 0.3403 0.3374 
   Co13-2112  1 0.3339 0.3321 0.3340 
   Co13-2114  1 0.3366 0.3314 0.3321 
   Co13-2115  1 0.3293 0.3364 0.3343 
   Co13-2116  1 0.2779 0.3587 0.3634 
   Co13-2117  1 0.3004 0.3478 0.3517 
   Co13-2119  1 0.2801 0.3587 0.3612 
   Co13-2120  1 0.3487 0.3262 0.3251 
   Co13-2121  1 0.3195 0.3390 0.3415 
   Co13-2122  1 0.3105 0.3444 0.3450 
   Co13-2123  1 0.3309 0.3358 0.3333 
   Co13-2124  1 0.3893 0.3062 0.3045 
   Co13-2125  1 0.3505 0.3255 0.3240 
   Co13-2126  1 0.3316 0.3357 0.3327 
   Co13-2127  1 0.3139 0.3446 0.3415 
   Co13-2128  1 0.3477 0.3259 0.3263 
   Co13-2129  1 0.2988 0.3490 0.3522 
   Co13-2130  1 0.3135 0.3435 0.3431 
   Co13-2131  1 0.3311 0.3342 0.3347 
   Co13-2132  1 0.3614 0.3176 0.3209 
   Co13-2133  1 0.3073 0.3460 0.3467 
   Co13-2134  1 0.3505 0.3222 0.3273 
   Co13-2135  1 0.3247 0.3393 0.3359 
   Co13-2136  1 0.3815 0.3093 0.3091 
   Co13-2137  1 0.3845 0.3079 0.3076 
   Co13-2139  1 0.3529 0.3223 0.3248 
   Co13-2140  1 0.3512 0.3253 0.3234 
   Co13-2141  1 0.2718 0.3626 0.3655 
   Co13-2142  1 0.3258 0.3372 0.3369 
   Co13-2143  1 0.3107 0.3434 0.3459 
   Co13-2144  1 0.3661 0.3177 0.3162 
   Co13-2145  1 0.3439 0.3276 0.3285 
   Co13-2146  1 0.3784 0.3113 0.3103 
   Co13-2147  1 0.2988 0.3470 0.3542 
   Co13-2149  1 0.3679 0.3160 0.3161 
   Co13-2150  1 0.2999 0.3514 0.3486 
   Co13-2184  1 0.3498 0.3247 0.3256 
    Co13-Tg1  1 0.3003 0.3503 0.3494 
     Co17-01  1 0.3597 0.3218 0.3184 
     Co17-02  1 0.2853 0.3547 0.3601 
     Co17-03  1 0.3402 0.3308 0.3291 
     Co17-04  1 0.3921 0.3037 0.3042 
     Co17-05  1 0.3333 0.3329 0.3339 
     Co17-06  1 0.3241 0.3401 0.3358 
     Co17-07  1 0.3499 0.3261 0.3239 
     Co17-08  1 0.3569 0.3201 0.3230 
     Co17-09  1 0.3181 0.3397 0.3421 
     Co17-10  1 0.3541 0.3235 0.3224 
     Co17-11  1 0.2913 0.3546 0.3541 
     Co17-12  1 0.3560 0.3216 0.3224 
     Co17-13  1 0.3425 0.3287 0.3289 
     Co17-14  1 0.3887 0.3067 0.3046 
     Co17-15  1 0.3655 0.3163 0.3182 
     Co17-16  1 0.3354 0.3324 0.3323 
     Co17-17  1 0.3619 0.3183 0.3197 
     Co17-18  1 0.3346 0.3322 0.3332 
     Co17-19  1 0.3457 0.3272 0.3270 
     Co17-20  1 0.3349 0.3330 0.3321 
     Co17-21  1 0.3676 0.3155 0.3169 
     Co17-22  1 0.3752 0.3118 0.3130 
     Co17-23  1 0.3948 0.3028 0.3023 
     Co17-24  1 0.4023 0.2985 0.2993 
     Co17-25  1 0.2983 0.3504 0.3513 
     Co17-26  1 0.3350 0.3283 0.3367 
     Co17-27  1 0.3543 0.3226 0.3231 
     Co17-28  1 0.3506 0.3253 0.3242 
     Co17-29  1 0.3729 0.3115 0.3156 
     Co17-30  1 0.3395 0.3310 0.3296 
     Co17-31  1 0.3502 0.3235 0.3262 
     Co17-32  1 0.3504 0.3255 0.3241 
     Co17-34  1 0.3479 0.3281 0.3240 
     Co17-35  1 0.3267 0.3375 0.3357 
     Co17-36  1 0.3567 0.3222 0.3210 
     Co17-37  1 0.3164 0.3432 0.3405 
     Co17-38  1 0.3355 0.3316 0.3329 
     Co17-39  1 0.2858 0.3583 0.3559 
     Co17-40  1 0.4114 0.2954 0.2931 
     Co17-41  1 0.3279 0.3374 0.3347 
     Co17-43  1 0.3344 0.3351 0.3304 
     Co17-46  1 0.3140 0.3433 0.3428 
     Co17-47  1 0.3705 0.3140 0.3155 
     Co17-48  1 0.3428 0.3295 0.3277 
     Co17-49  1 0.3430 0.3280 0.3290 
     Co17-50  1 0.3379 0.3317 0.3305 
     Co17-51  1 0.3548 0.3240 0.3212 
     Co17-52  1 0.3789 0.3102 0.3109 
     Co17-53  1 0.3624 0.3181 0.3195 
     Co17-54  1 0.3641 0.3181 0.3178 
     Co17-55  1 0.3043 0.3485 0.3472 
     Co17-56  1 0.2664 0.3660 0.3676 
     Co17-57  1 0.3137 0.3438 0.3425 
     Co17-58  1 0.3365 0.3312 0.3323 
     Co17-60  1 0.2650 0.3687 0.3663 
     Co17-62  1 0.3495 0.3261 0.3244 
     Co17-65  1 0.2734 0.3619 0.3647 
     Co17-67  1 0.3252 0.3365 0.3383 
     Co17-68  1 0.3083 0.3449 0.3468 
     Co17-69  1 0.3742 0.3144 0.3114 
     Co17-70  1 0.2722 0.3659 0.3619 
     Co17-73  1 0.2852 0.3585 0.3563 
     Co17-74  1 0.3802 0.3095 0.3104 
     Co17-75  1 0.3483 0.3266 0.3251 
     Co17-76  1 0.3594 0.3212 0.3194 
     Co17-77  1 0.2912 0.3564 0.3524 
     Co17-78  1 0.2861 0.3553 0.3586 
     Co17-79  1 0.3265 0.3357 0.3378 
     Co17-80  1 0.2697 0.3660 0.3643 
     Co17-82  1 0.3398 0.3297 0.3305 
