   Co09-CO13  1 0.2322 0.2649 0.2368 0.2660 
   Co09-SC01  1 0.2267 0.2705 0.2328 0.2700 
   Co09-SC02  1 0.2305 0.2647 0.2387 0.2661 
   Co09-SC03  1 0.2459 0.2524 0.2487 0.2530 
   Co09-SC04  1 0.2632 0.2419 0.2545 0.2403 
   Co09-SC05  1 0.2785 0.2267 0.2678 0.2271 
   Co09-SC06  1 0.2389 0.2598 0.2407 0.2605 
   Co09-SC07  1 0.2828 0.2218 0.2742 0.2212 
   Co09-SC08  1 0.2593 0.2417 0.2581 0.2409 
   Co09-SC10  1 0.2394 0.2593 0.2430 0.2584 
   Co09-SC11  1 0.2228 0.2781 0.2205 0.2785 
   Co09-SC12  1 0.2446 0.2531 0.2499 0.2524 
   Co09-SC14  1 0.2531 0.2461 0.2542 0.2466 
   Co09-SC15  1 0.2725 0.2312 0.2658 0.2304 
   Co09-SC16  1 0.2161 0.2807 0.2208 0.2823 
   Co09-SC18  1 0.2465 0.2522 0.2497 0.2516 
   Co09-SC19  1 0.2404 0.2627 0.2331 0.2639 
   Co09-SC20  1 0.2403 0.2584 0.2433 0.2579 
   Co09-SC21  1 0.2278 0.2691 0.2340 0.2691 
   Co09-SC23  1 0.2508 0.2515 0.2456 0.2521 
   Co09-SC24  1 0.2666 0.2343 0.2635 0.2356 
   Co09-SC25  1 0.2582 0.2442 0.2534 0.2442 
   Co09-SC27  1 0.2174 0.2807 0.2216 0.2803 
   Co09-SC28  1 0.2356 0.2619 0.2391 0.2634 
   Co09-SC29  1 0.2282 0.2668 0.2365 0.2685 
   Co09-SC30  1 0.2853 0.2153 0.2851 0.2142 
   Co09-SC31  1 0.2433 0.2574 0.2427 0.2566 
   Co09-SF05  1 0.2491 0.2502 0.2504 0.2503 
   Co09-SF08  1 0.2542 0.2496 0.2468 0.2495 
   Co09-SF12  1 0.2441 0.2578 0.2408 0.2573 
   Co09-SF13  1 0.2373 0.2622 0.2392 0.2614 
   Co09-SF15  1 0.2531 0.2440 0.2589 0.2440 
   Co09-SF16  1 0.2367 0.2646 0.2345 0.2642 
   Co09-SF20  1 0.2358 0.2611 0.2426 0.2605 
   Co09-SF21  1 0.2745 0.2268 0.2731 0.2257 
   Co09-SF22  1 0.2221 0.2780 0.2218 0.2780 
   Co09-SF24  1 0.2801 0.2190 0.2820 0.2190 
   Co09-SF25  1 0.2815 0.2211 0.2765 0.2209 
   Co09-SF27  1 0.2715 0.2325 0.2629 0.2331 
   Co09-SF28  1 0.2600 0.2350 0.2694 0.2356 
   Co09-SF29  1 0.2561 0.2448 0.2549 0.2442 
   Co09-SF30  1 0.2686 0.2374 0.2574 0.2366 
  Co09-SF301  1 0.2432 0.2571 0.2434 0.2563 
  Co09-SF302  1 0.2509 0.2484 0.2525 0.2482 
  Co09-SF303  1 0.2554 0.2435 0.2576 0.2435 
  Co09-SF304  1 0.2509 0.2489 0.2512 0.2490 
  Co09-SF307  1 0.2734 0.2287 0.2686 0.2292 
  Co09-SF308  1 0.2465 0.2513 0.2500 0.2523 
  Co09-SF309  1 0.2371 0.2665 0.2304 0.2661 
  Co09-SF310  1 0.2385 0.2606 0.2397 0.2612 
  Co09-SF311  1 0.2415 0.2598 0.2395 0.2592 
  Co09-SF324  1 0.2402 0.2590 0.2411 0.2597 
  Co09-SF328  1 0.2571 0.2418 0.2591 0.2420 
  Co09-SF331  1 0.2349 0.2652 0.2343 0.2657 
  Co09-SF335  1 0.2247 0.2736 0.2295 0.2722 
  Co09-SF341  1 0.2187 0.2812 0.2212 0.2789 
  Co09-SF349  1 0.2399 0.2607 0.2388 0.2607 
   Co10-SF50  1 0.2550 0.2450 0.2554 0.2446 
   Co13-2082  1 0.2767 0.2215 0.2808 0.2211 
   Co13-2084  1 0.2769 0.2261 0.2694 0.2276 
   Co13-2085  1 0.2223 0.2723 0.2338 0.2716 
   Co13-2086  1 0.2655 0.2348 0.2646 0.2351 
   Co13-2087  1 0.2513 0.2488 0.2504 0.2494 
   Co13-2092  1 0.2511 0.2482 0.2520 0.2488 
   Co13-2093  1 0.2740 0.2259 0.2728 0.2273 
   Co13-2097  1 0.2257 0.2740 0.2268 0.2734 
   Co13-2098  1 0.2456 0.2503 0.2531 0.2510 
   Co13-2099  1 0.2625 0.2384 0.2606 0.2385 
   Co13-2100  1 0.2546 0.2440 0.2588 0.2427 
   Co13-2101  1 0.2214 0.2759 0.2267 0.2761 
   Co13-2102  1 0.2545 0.2460 0.2542 0.2453 
   Co13-2103  1 0.2484 0.2509 0.2503 0.2504 
   Co13-2104  1 0.2830 0.2193 0.2770 0.2206 
   Co13-2105  1 0.2425 0.2554 0.2465 0.2555 
   Co13-2106  1 0.2720 0.2325 0.2629 0.2326 
   Co13-2107  1 0.2426 0.2553 0.2464 0.2557 
   Co13-2108  1 0.2702 0.2333 0.2638 0.2328 
   Co13-2109  1 0.2657 0.2380 0.2589 0.2374 
   Co13-2110  1 0.2396 0.2591 0.2405 0.2608 
   Co13-2111  1 0.2491 0.2506 0.2508 0.2495 
   Co13-2112  1 0.2473 0.2536 0.2460 0.2530 
   Co13-2114  1 0.2578 0.2448 0.2537 0.2437 
   Co13-2115  1 0.2525 0.2480 0.2514 0.2480 
   Co13-2116  1 0.2246 0.2719 0.2304 0.2731 
   Co13-2117  1 0.2335 0.2637 0.2382 0.2646 
   Co13-2119  1 0.2143 0.2803 0.2241 0.2813 
   Co13-2120  1 0.2609 0.2446 0.2489 0.2456 
   Co13-2121  1 0.2339 0.2670 0.2334 0.2657 
   Co13-2122  1 0.2395 0.2611 0.2371 0.2623 
   Co13-2123  1 0.2512 0.2471 0.2542 0.2474 
   Co13-2124  1 0.2876 0.2179 0.2771 0.2175 
   Co13-2125  1 0.2545 0.2453 0.2546 0.2457 
   Co13-2126  1 0.2488 0.2500 0.2524 0.2488 
   Co13-2127  1 0.2533 0.2468 0.2527 0.2472 
   Co13-2128  1 0.2530 0.2462 0.2566 0.2442 
   Co13-2129  1 0.2359 0.2620 0.2407 0.2613 
   Co13-2130  1 0.2327 0.2654 0.2355 0.2663 
   Co13-2131  1 0.2650 0.2408 0.2533 0.2410 
   Co13-2132  1 0.2517 0.2453 0.2583 0.2446 
   Co13-2133  1 0.2454 0.2519 0.2509 0.2517 
   Co13-2134  1 0.2511 0.2482 0.2530 0.2478 
   Co13-2135  1 0.2565 0.2416 0.2596 0.2422 
   Co13-2136  1 0.2659 0.2369 0.2600 0.2373 
   Co13-2137  1 0.2706 0.2305 0.2676 0.2313 
   Co13-2139  1 0.2642 0.2391 0.2579 0.2389 
   Co13-2140  1 0.2699 0.2305 0.2702 0.2294 
   Co13-2141  1 0.2179 0.2803 0.2225 0.2792 
   Co13-2142  1 0.2459 0.2560 0.2438 0.2543 
   Co13-2143  1 0.2410 0.2600 0.2363 0.2627 
   Co13-2144  1 0.2734 0.2350 0.2553 0.2363 
   Co13-2145  1 0.2550 0.2484 0.2480 0.2485 
   Co13-2146  1 0.2729 0.2322 0.2620 0.2329 
   Co13-2147  1 0.2209 0.2791 0.2221 0.2778 
   Co13-2149  1 0.2561 0.2450 0.2548 0.2442 
   Co13-2150  1 0.2331 0.2628 0.2411 0.2630 
   Co13-2184  1 0.2670 0.2370 0.2579 0.2382 
    Co13-Tg1  1 0.2325 0.2641 0.2382 0.2652 
     Co17-01  1 0.2590 0.2380 0.2660 0.2369 
     Co17-02  1 0.2280 0.2704 0.2331 0.2686 
     Co17-03  1 0.2524 0.2511 0.2452 0.2513 
     Co17-04  1 0.2696 0.2318 0.2671 0.2315 
     Co17-05  1 0.2472 0.2532 0.2448 0.2548 
     Co17-06  1 0.2480 0.2529 0.2454 0.2538 
     Co17-07  1 0.2614 0.2407 0.2573 0.2406 
     Co17-08  1 0.2481 0.2499 0.2532 0.2488 
     Co17-09  1 0.2361 0.2643 0.2356 0.2641 
     Co17-10  1 0.2649 0.2392 0.2565 0.2394 
     Co17-11  1 0.2259 0.2709 0.2330 0.2702 
     Co17-12  1 0.2603 0.2396 0.2604 0.2397 
     Co17-13  1 0.2558 0.2433 0.2562 0.2447 
     Co17-14  1 0.2689 0.2302 0.2699 0.2310 
     Co17-15  1 0.2515 0.2485 0.2526 0.2473 
     Co17-16  1 0.2503 0.2476 0.2550 0.2471 
     Co17-17  1 0.2524 0.2486 0.2497 0.2492 
     Co17-18  1 0.2555 0.2473 0.2488 0.2484 
     Co17-19  1 0.2617 0.2375 0.2636 0.2372 
     Co17-20  1 0.2494 0.2520 0.2461 0.2524 
     Co17-21  1 0.2629 0.2354 0.2647 0.2370 
     Co17-22  1 0.2751 0.2318 0.2613 0.2319 
     Co17-23  1 0.2688 0.2301 0.2717 0.2294 
     Co17-24  1 0.2677 0.2311 0.2691 0.2321 
     Co17-25  1 0.2366 0.2618 0.2386 0.2630 
     Co17-26  1 0.2523 0.2502 0.2475 0.2500 
     Co17-27  1 0.2669 0.2376 0.2581 0.2374 
     Co17-28  1 0.2599 0.2414 0.2571 0.2417 
     Co17-29  1 0.2591 0.2419 0.2566 0.2424 
     Co17-30  1 0.2574 0.2431 0.2559 0.2435 
     Co17-31  1 0.2556 0.2425 0.2590 0.2429 
     Co17-32  1 0.2713 0.2300 0.2690 0.2297 
     Co17-34  1 0.2528 0.2446 0.2583 0.2443 
     Co17-35  1 0.2522 0.2490 0.2503 0.2486 
     Co17-36  1 0.2581 0.2440 0.2549 0.2430 
     Co17-37  1 0.2488 0.2540 0.2443 0.2528 
     Co17-38  1 0.2558 0.2451 0.2559 0.2433 
     Co17-39  1 0.2296 0.2690 0.2308 0.2706 
     Co17-40  1 0.2753 0.2258 0.2736 0.2252 
     Co17-41  1 0.2550 0.2441 0.2566 0.2444 
     Co17-43  1 0.2533 0.2443 0.2567 0.2457 
     Co17-46  1 0.2397 0.2563 0.2469 0.2571 
     Co17-47  1 0.2591 0.2411 0.2582 0.2416 
     Co17-48  1 0.2559 0.2418 0.2609 0.2414 
     Co17-49  1 0.2487 0.2542 0.2430 0.2541 
     Co17-50  1 0.2589 0.2399 0.2603 0.2409 
     Co17-51  1 0.2535 0.2452 0.2554 0.2459 
     Co17-52  1 0.2697 0.2289 0.2715 0.2299 
     Co17-53  1 0.2628 0.2392 0.2593 0.2388 
     Co17-54  1 0.2742 0.2244 0.2766 0.2249 
     Co17-55  1 0.2422 0.2547 0.2476 0.2556 
     Co17-56  1 0.2119 0.2860 0.2163 0.2858 
     Co17-57  1 0.2428 0.2559 0.2460 0.2553 
     Co17-58  1 0.2428 0.2587 0.2419 0.2566 
     Co17-60  1 0.2171 0.2803 0.2217 0.2809 
     Co17-62  1 0.2621 0.2374 0.2623 0.2381 
     Co17-65  1 0.2167 0.2826 0.2208 0.2799 
     Co17-67  1 0.2442 0.2544 0.2483 0.2531 
     Co17-68  1 0.2340 0.2665 0.2335 0.2660 
     Co17-69  1 0.2806 0.2243 0.2704 0.2247 
     Co17-70  1 0.2228 0.2757 0.2258 0.2757 
     Co17-73  1 0.2346 0.2613 0.2420 0.2621 
     Co17-74  1 0.2733 0.2313 0.2638 0.2316 
     Co17-75  1 0.2622 0.2383 0.2621 0.2373 
     Co17-76  1 0.2606 0.2389 0.2620 0.2385 
     Co17-77  1 0.2311 0.2678 0.2327 0.2684 
     Co17-78  1 0.2186 0.2794 0.2222 0.2798 
     Co17-79  1 0.2523 0.2465 0.2552 0.2459 
     Co17-80  1 0.2177 0.2811 0.2211 0.2802 
     Co17-82  1 0.2495 0.2501 0.2514 0.2489 
