   Co09-CO13  1 0.3602 0.2816 0.3582 
   Co09-SC01  1 0.3675 0.2664 0.3662 
   Co09-SC02  1 0.3507 0.3051 0.3443 
   Co09-SC03  1 0.3286 0.3375 0.3339 
   Co09-SC04  1 0.3345 0.3336 0.3319 
   Co09-SC05  1 0.3027 0.3924 0.3049 
   Co09-SC06  1 0.3431 0.3104 0.3465 
   Co09-SC07  1 0.2814 0.4349 0.2837 
   Co09-SC08  1 0.3180 0.3602 0.3218 
   Co09-SC10  1 0.3324 0.3393 0.3283 
   Co09-SC11  1 0.3632 0.2712 0.3656 
   Co09-SC12  1 0.3353 0.3373 0.3275 
   Co09-SC14  1 0.3261 0.3504 0.3235 
   Co09-SC15  1 0.3143 0.3721 0.3136 
   Co09-SC16  1 0.3602 0.2851 0.3547 
   Co09-SC18  1 0.3403 0.3221 0.3376 
   Co09-SC19  1 0.3359 0.3228 0.3413 
   Co09-SC20  1 0.3433 0.3117 0.3450 
   Co09-SC21  1 0.3649 0.2663 0.3688 
   Co09-SC23  1 0.3197 0.3519 0.3284 
   Co09-SC24  1 0.3143 0.3680 0.3177 
   Co09-SC25  1 0.3361 0.3304 0.3335 
   Co09-SC27  1 0.3701 0.2543 0.3756 
   Co09-SC28  1 0.3481 0.3011 0.3508 
   Co09-SC29  1 0.3599 0.2823 0.3578 
   Co09-SC30  1 0.2901 0.4211 0.2888 
   Co09-SC31  1 0.3378 0.3244 0.3378 
   Co09-SF05  1 0.3394 0.3212 0.3395 
   Co09-SF08  1 0.3248 0.3465 0.3287 
   Co09-SF12  1 0.3308 0.3355 0.3337 
   Co09-SF13  1 0.3389 0.3201 0.3410 
   Co09-SF15  1 0.3209 0.3533 0.3258 
   Co09-SF16  1 0.3382 0.3247 0.3371 
   Co09-SF20  1 0.3433 0.3021 0.3547 
   Co09-SF21  1 0.3038 0.3953 0.3009 
   Co09-SF22  1 0.3574 0.2849 0.3577 
   Co09-SF24  1 0.2967 0.4076 0.2957 
   Co09-SF25  1 0.3055 0.3886 0.3059 
   Co09-SF27  1 0.3172 0.3701 0.3127 
   Co09-SF28  1 0.3165 0.3690 0.3145 
   Co09-SF29  1 0.3312 0.3375 0.3313 
   Co09-SF30  1 0.3267 0.3443 0.3290 
  Co09-SF301  1 0.3462 0.3074 0.3464 
  Co09-SF302  1 0.3398 0.3164 0.3438 
  Co09-SF303  1 0.3334 0.3349 0.3317 
  Co09-SF304  1 0.3376 0.3212 0.3412 
  Co09-SF307  1 0.3183 0.3659 0.3158 
  Co09-SF308  1 0.3405 0.3154 0.3441 
  Co09-SF309  1 0.3450 0.3069 0.3482 
  Co09-SF310  1 0.3439 0.3124 0.3437 
  Co09-SF311  1 0.3360 0.3238 0.3401 
  Co09-SF324  1 0.3386 0.3238 0.3376 
  Co09-SF328  1 0.3221 0.3555 0.3225 
  Co09-SF331  1 0.3440 0.3123 0.3437 
  Co09-SF335  1 0.3655 0.2700 0.3645 
  Co09-SF341  1 0.3504 0.2942 0.3555 
  Co09-SF349  1 0.3468 0.2988 0.3544 
   Co10-SF50  1 0.3429 0.3153 0.3417 
   Co13-2082  1 0.3011 0.3923 0.3066 
   Co13-2084  1 0.3111 0.3796 0.3093 
   Co13-2085  1 0.3614 0.2865 0.3521 
   Co13-2086  1 0.3141 0.3757 0.3101 
   Co13-2087  1 0.3326 0.3307 0.3366 
   Co13-2092  1 0.3401 0.3268 0.3331 
   Co13-2093  1 0.2906 0.4180 0.2915 
   Co13-2097  1 0.3694 0.2657 0.3649 
   Co13-2098  1 0.3391 0.3233 0.3376 
   Co13-2099  1 0.3335 0.3365 0.3299 
   Co13-2100  1 0.3212 0.3553 0.3235 
   Co13-2101  1 0.3635 0.2768 0.3597 
   Co13-2102  1 0.3187 0.3599 0.3214 
   Co13-2103  1 0.3402 0.3160 0.3438 
   Co13-2104  1 0.2825 0.4335 0.2840 
   Co13-2105  1 0.3390 0.3208 0.3402 
   Co13-2106  1 0.3125 0.3730 0.3144 
   Co13-2107  1 0.3481 0.3134 0.3385 
   Co13-2108  1 0.3153 0.3691 0.3157 
   Co13-2109  1 0.3311 0.3385 0.3304 
   Co13-2110  1 0.3521 0.2962 0.3517 
   Co13-2111  1 0.3360 0.3259 0.3381 
   Co13-2112  1 0.3360 0.3294 0.3346 
   Co13-2114  1 0.3287 0.3394 0.3318 
   Co13-2115  1 0.3343 0.3284 0.3373 
   Co13-2116  1 0.3664 0.2674 0.3662 
   Co13-2117  1 0.3541 0.2917 0.3542 
   Co13-2119  1 0.3597 0.2777 0.3626 
   Co13-2120  1 0.3274 0.3465 0.3260 
   Co13-2121  1 0.3407 0.3158 0.3435 
   Co13-2122  1 0.3504 0.3070 0.3425 
   Co13-2123  1 0.3308 0.3358 0.3334 
   Co13-2124  1 0.2999 0.4006 0.2996 
   Co13-2125  1 0.3232 0.3515 0.3253 
   Co13-2126  1 0.3361 0.3316 0.3322 
   Co13-2127  1 0.3326 0.3303 0.3371 
   Co13-2128  1 0.3266 0.3481 0.3253 
   Co13-2129  1 0.3487 0.2967 0.3546 
   Co13-2130  1 0.3465 0.3103 0.3432 
   Co13-2131  1 0.3327 0.3307 0.3366 
   Co13-2132  1 0.3153 0.3626 0.3221 
   Co13-2133  1 0.3386 0.3204 0.3410 
   Co13-2134  1 0.3251 0.3470 0.3279 
   Co13-2135  1 0.3369 0.3262 0.3369 
   Co13-2136  1 0.3075 0.3801 0.3124 
   Co13-2137  1 0.3026 0.3965 0.3008 
   Co13-2139  1 0.3269 0.3468 0.3263 
   Co13-2140  1 0.3172 0.3599 0.3229 
   Co13-2141  1 0.3663 0.2641 0.3696 
   Co13-2142  1 0.3321 0.3315 0.3364 
   Co13-2143  1 0.3441 0.3065 0.3494 
   Co13-2144  1 0.3127 0.3718 0.3155 
   Co13-2145  1 0.3244 0.3491 0.3265 
   Co13-2146  1 0.3067 0.3903 0.3030 
   Co13-2147  1 0.3537 0.2863 0.3600 
   Co13-2149  1 0.3199 0.3629 0.3172 
   Co13-2150  1 0.3572 0.2902 0.3526 
   Co13-2184  1 0.3173 0.3581 0.3246 
    Co13-Tg1  1 0.3563 0.2950 0.3487 
     Co17-01  1 0.3199 0.3596 0.3205 
     Co17-02  1 0.3562 0.2797 0.3641 
     Co17-03  1 0.3259 0.3475 0.3266 
     Co17-04  1 0.3048 0.3979 0.2973 
     Co17-05  1 0.3391 0.3238 0.3371 
     Co17-06  1 0.3413 0.3232 0.3355 
     Co17-07  1 0.3281 0.3480 0.3239 
     Co17-08  1 0.3270 0.3546 0.3184 
     Co17-09  1 0.3428 0.3139 0.3433 
     Co17-10  1 0.3204 0.3616 0.3180 
     Co17-11  1 0.3598 0.2783 0.3619 
     Co17-12  1 0.3270 0.3508 0.3222 
     Co17-13  1 0.3259 0.3414 0.3327 
     Co17-14  1 0.3029 0.3949 0.3022 
     Co17-15  1 0.3189 0.3654 0.3157 
     Co17-16  1 0.3321 0.3341 0.3337 
     Co17-17  1 0.3193 0.3647 0.3160 
     Co17-18  1 0.3396 0.3282 0.3321 
     Co17-19  1 0.3296 0.3447 0.3257 
     Co17-20  1 0.3343 0.3265 0.3391 
     Co17-21  1 0.3171 0.3656 0.3174 
     Co17-22  1 0.3078 0.3838 0.3084 
     Co17-23  1 0.2955 0.4095 0.2949 
     Co17-24  1 0.2952 0.4117 0.2930 
     Co17-25  1 0.3526 0.2900 0.3574 
     Co17-26  1 0.3252 0.3453 0.3295 
     Co17-27  1 0.3228 0.3529 0.3243 
     Co17-28  1 0.3218 0.3560 0.3222 
     Co17-29  1 0.3121 0.3766 0.3113 
     Co17-30  1 0.3258 0.3497 0.3245 
     Co17-31  1 0.3253 0.3510 0.3237 
     Co17-32  1 0.3171 0.3660 0.3169 
     Co17-34  1 0.3238 0.3495 0.3267 
     Co17-35  1 0.3398 0.3251 0.3351 
     Co17-36  1 0.3209 0.3557 0.3235 
     Co17-37  1 0.3441 0.3159 0.3400 
     Co17-38  1 0.3349 0.3253 0.3398 
     Co17-39  1 0.3663 0.2734 0.3603 
     Co17-40  1 0.2891 0.4200 0.2909 
     Co17-41  1 0.3314 0.3331 0.3355 
     Co17-43  1 0.3361 0.3298 0.3341 
     Co17-46  1 0.3464 0.3157 0.3378 
     Co17-47  1 0.3133 0.3741 0.3125 
     Co17-48  1 0.3277 0.3456 0.3267 
     Co17-49  1 0.3298 0.3456 0.3246 
     Co17-50  1 0.3309 0.3367 0.3324 
     Co17-51  1 0.3220 0.3559 0.3221 
     Co17-52  1 0.3064 0.3863 0.3074 
     Co17-53  1 0.3120 0.3742 0.3138 
     Co17-54  1 0.3230 0.3617 0.3153 
     Co17-55  1 0.3499 0.2992 0.3509 
     Co17-56  1 0.3703 0.2520 0.3776 
     Co17-57  1 0.3407 0.3132 0.3461 
     Co17-58  1 0.3334 0.3352 0.3313 
     Co17-60  1 0.3792 0.2540 0.3668 
     Co17-62  1 0.3177 0.3635 0.3188 
     Co17-65  1 0.3644 0.2677 0.3679 
     Co17-67  1 0.3327 0.3349 0.3324 
     Co17-68  1 0.3473 0.3066 0.3461 
     Co17-69  1 0.3110 0.3796 0.3094 
     Co17-70  1 0.3713 0.2589 0.3698 
     Co17-73  1 0.3584 0.2869 0.3548 
     Co17-74  1 0.3063 0.3874 0.3063 
     Co17-75  1 0.3323 0.3400 0.3277 
     Co17-76  1 0.3199 0.3619 0.3182 
     Co17-77  1 0.3538 0.2924 0.3538 
     Co17-78  1 0.3559 0.2870 0.3571 
     Co17-79  1 0.3361 0.3257 0.3382 
     Co17-80  1 0.3688 0.2631 0.3680 
     Co17-82  1 0.3284 0.3334 0.3382 
