   Co09-CO13  1 0.3537 0.2924 0.3539 
   Co09-SC01  1 0.3600 0.2803 0.3597 
   Co09-SC02  1 0.3452 0.3084 0.3465 
   Co09-SC03  1 0.3332 0.3357 0.3312 
   Co09-SC04  1 0.3377 0.3275 0.3348 
   Co09-SC05  1 0.3122 0.3785 0.3093 
   Co09-SC06  1 0.3437 0.3138 0.3425 
   Co09-SC07  1 0.2893 0.4206 0.2901 
   Co09-SC08  1 0.3146 0.3660 0.3194 
   Co09-SC10  1 0.3264 0.3451 0.3286 
   Co09-SC11  1 0.3629 0.2728 0.3643 
   Co09-SC12  1 0.3315 0.3369 0.3316 
   Co09-SC14  1 0.3310 0.3394 0.3296 
   Co09-SC15  1 0.3207 0.3615 0.3178 
   Co09-SC16  1 0.3515 0.2924 0.3561 
   Co09-SC18  1 0.3398 0.3209 0.3394 
   Co09-SC19  1 0.3371 0.3249 0.3379 
   Co09-SC20  1 0.3390 0.3179 0.3430 
   Co09-SC21  1 0.3602 0.2806 0.3592 
   Co09-SC23  1 0.3225 0.3525 0.3250 
   Co09-SC24  1 0.3200 0.3630 0.3171 
   Co09-SC25  1 0.3348 0.3304 0.3348 
   Co09-SC27  1 0.3649 0.2663 0.3688 
   Co09-SC28  1 0.3454 0.3082 0.3464 
   Co09-SC29  1 0.3562 0.2886 0.3553 
   Co09-SC30  1 0.3033 0.3964 0.3003 
   Co09-SC31  1 0.3341 0.3315 0.3344 
   Co09-SF05  1 0.3407 0.3189 0.3404 
   Co09-SF08  1 0.3232 0.3472 0.3296 
   Co09-SF12  1 0.3303 0.3377 0.3320 
   Co09-SF13  1 0.3403 0.3176 0.3421 
   Co09-SF15  1 0.3206 0.3550 0.3244 
   Co09-SF16  1 0.3375 0.3238 0.3387 
   Co09-SF20  1 0.3431 0.3132 0.3437 
   Co09-SF21  1 0.3079 0.3849 0.3072 
   Co09-SF22  1 0.3513 0.2915 0.3571 
   Co09-SF24  1 0.3061 0.3892 0.3047 
   Co09-SF25  1 0.3127 0.3767 0.3106 
   Co09-SF27  1 0.3190 0.3628 0.3182 
   Co09-SF28  1 0.3180 0.3654 0.3166 
   Co09-SF29  1 0.3270 0.3467 0.3264 
   Co09-SF30  1 0.3279 0.3442 0.3279 
  Co09-SF301  1 0.3450 0.3124 0.3426 
  Co09-SF302  1 0.3400 0.3246 0.3354 
  Co09-SF303  1 0.3349 0.3344 0.3308 
  Co09-SF304  1 0.3356 0.3308 0.3336 
  Co09-SF307  1 0.3263 0.3510 0.3227 
  Co09-SF308  1 0.3403 0.3192 0.3405 
  Co09-SF309  1 0.3367 0.3188 0.3445 
  Co09-SF310  1 0.3372 0.3230 0.3398 
  Co09-SF311  1 0.3340 0.3283 0.3377 
  Co09-SF324  1 0.3371 0.3243 0.3386 
  Co09-SF328  1 0.3201 0.3562 0.3236 
  Co09-SF331  1 0.3412 0.3155 0.3433 
  Co09-SF335  1 0.3587 0.2793 0.3620 
  Co09-SF341  1 0.3376 0.3114 0.3510 
  Co09-SF349  1 0.3457 0.3047 0.3496 
   Co10-SF50  1 0.3397 0.3226 0.3377 
   Co13-2082  1 0.3105 0.3836 0.3059 
   Co13-2084  1 0.3152 0.3707 0.3141 
   Co13-2085  1 0.3488 0.2989 0.3523 
   Co13-2086  1 0.3142 0.3705 0.3153 
   Co13-2087  1 0.3351 0.3270 0.3379 
   Co13-2092  1 0.3367 0.3282 0.3352 
   Co13-2093  1 0.3010 0.3984 0.3006 
   Co13-2097  1 0.3607 0.2767 0.3626 
   Co13-2098  1 0.3397 0.3232 0.3371 
   Co13-2099  1 0.3330 0.3369 0.3301 
   Co13-2100  1 0.3196 0.3595 0.3209 
   Co13-2101  1 0.3536 0.2897 0.3567 
   Co13-2102  1 0.3238 0.3523 0.3239 
   Co13-2103  1 0.3387 0.3213 0.3399 
   Co13-2104  1 0.2952 0.4096 0.2953 
   Co13-2105  1 0.3394 0.3207 0.3399 
   Co13-2106  1 0.3184 0.3642 0.3174 
   Co13-2107  1 0.3392 0.3217 0.3391 
   Co13-2108  1 0.3208 0.3607 0.3185 
   Co13-2109  1 0.3394 0.3273 0.3333 
   Co13-2110  1 0.3461 0.3068 0.3471 
   Co13-2111  1 0.3384 0.3249 0.3368 
   Co13-2112  1 0.3305 0.3365 0.3330 
   Co13-2114  1 0.3333 0.3338 0.3329 
   Co13-2115  1 0.3345 0.3315 0.3340 
   Co13-2116  1 0.3573 0.2832 0.3595 
   Co13-2117  1 0.3464 0.3043 0.3494 
   Co13-2119  1 0.3579 0.2831 0.3590 
   Co13-2120  1 0.3258 0.3461 0.3281 
   Co13-2121  1 0.3395 0.3181 0.3424 
   Co13-2122  1 0.3428 0.3133 0.3439 
   Co13-2123  1 0.3333 0.3344 0.3323 
   Co13-2124  1 0.3066 0.3902 0.3032 
   Co13-2125  1 0.3256 0.3464 0.3280 
   Co13-2126  1 0.3371 0.3279 0.3350 
   Co13-2127  1 0.3406 0.3238 0.3357 
   Co13-2128  1 0.3233 0.3525 0.3241 
   Co13-2129  1 0.3445 0.3098 0.3458 
   Co13-2130  1 0.3423 0.3162 0.3415 
   Co13-2131  1 0.3338 0.3335 0.3326 
   Co13-2132  1 0.3173 0.3628 0.3199 
   Co13-2133  1 0.3443 0.3115 0.3442 
   Co13-2134  1 0.3260 0.3442 0.3298 
   Co13-2135  1 0.3371 0.3265 0.3364 
   Co13-2136  1 0.3102 0.3797 0.3101 
   Co13-2137  1 0.3106 0.3799 0.3095 
   Co13-2139  1 0.3229 0.3552 0.3219 
   Co13-2140  1 0.3281 0.3483 0.3237 
   Co13-2141  1 0.3591 0.2791 0.3619 
   Co13-2142  1 0.3304 0.3357 0.3339 
   Co13-2143  1 0.3432 0.3119 0.3449 
   Co13-2144  1 0.3202 0.3616 0.3182 
   Co13-2145  1 0.3273 0.3446 0.3281 
   Co13-2146  1 0.3112 0.3791 0.3097 
   Co13-2147  1 0.3475 0.2985 0.3540 
   Co13-2149  1 0.3158 0.3651 0.3191 
   Co13-2150  1 0.3470 0.3057 0.3473 
   Co13-2184  1 0.3222 0.3571 0.3207 
    Co13-Tg1  1 0.3508 0.2984 0.3508 
     Co17-01  1 0.3258 0.3504 0.3238 
     Co17-02  1 0.3527 0.2911 0.3562 
     Co17-03  1 0.3279 0.3454 0.3267 
     Co17-04  1 0.3051 0.3899 0.3050 
     Co17-05  1 0.3332 0.3332 0.3336 
     Co17-06  1 0.3391 0.3238 0.3371 
     Co17-07  1 0.3283 0.3449 0.3268 
     Co17-08  1 0.3188 0.3586 0.3225 
     Co17-09  1 0.3418 0.3160 0.3422 
     Co17-10  1 0.3229 0.3565 0.3206 
     Co17-11  1 0.3549 0.2872 0.3579 
     Co17-12  1 0.3257 0.3504 0.3239 
     Co17-13  1 0.3292 0.3410 0.3298 
     Co17-14  1 0.3093 0.3827 0.3081 
     Co17-15  1 0.3176 0.3617 0.3208 
     Co17-16  1 0.3298 0.3426 0.3276 
     Co17-17  1 0.3208 0.3553 0.3238 
     Co17-18  1 0.3349 0.3317 0.3333 
     Co17-19  1 0.3273 0.3493 0.3234 
     Co17-20  1 0.3355 0.3287 0.3359 
     Co17-21  1 0.3151 0.3684 0.3165 
     Co17-22  1 0.3147 0.3716 0.3138 
     Co17-23  1 0.3039 0.3923 0.3038 
     Co17-24  1 0.2984 0.3995 0.3021 
     Co17-25  1 0.3527 0.2960 0.3513 
     Co17-26  1 0.3250 0.3446 0.3304 
     Co17-27  1 0.3246 0.3517 0.3237 
     Co17-28  1 0.3281 0.3472 0.3247 
     Co17-29  1 0.3168 0.3621 0.3211 
     Co17-30  1 0.3260 0.3482 0.3257 
     Co17-31  1 0.3279 0.3421 0.3300 
     Co17-32  1 0.3256 0.3535 0.3209 
     Co17-34  1 0.3264 0.3486 0.3249 
     Co17-35  1 0.3345 0.3327 0.3329 
     Co17-36  1 0.3202 0.3591 0.3207 
     Co17-37  1 0.3462 0.3083 0.3455 
     Co17-38  1 0.3361 0.3276 0.3363 
     Co17-39  1 0.3591 0.2805 0.3604 
     Co17-40  1 0.2991 0.3998 0.3011 
     Co17-41  1 0.3349 0.3325 0.3326 
     Co17-43  1 0.3365 0.3289 0.3346 
     Co17-46  1 0.3404 0.3197 0.3399 
     Co17-47  1 0.3155 0.3684 0.3160 
     Co17-48  1 0.3330 0.3381 0.3289 
     Co17-49  1 0.3261 0.3448 0.3290 
     Co17-50  1 0.3351 0.3315 0.3334 
     Co17-51  1 0.3238 0.3515 0.3247 
     Co17-52  1 0.3138 0.3725 0.3137 
     Co17-53  1 0.3136 0.3700 0.3164 
     Co17-54  1 0.3224 0.3586 0.3190 
     Co17-55  1 0.3516 0.2995 0.3489 
     Co17-56  1 0.3626 0.2686 0.3688 
     Co17-57  1 0.3416 0.3155 0.3430 
     Co17-58  1 0.3297 0.3374 0.3329 
     Co17-60  1 0.3679 0.2640 0.3681 
     Co17-62  1 0.3236 0.3522 0.3242 
     Co17-65  1 0.3609 0.2760 0.3631 
     Co17-67  1 0.3346 0.3311 0.3344 
     Co17-68  1 0.3436 0.3113 0.3451 
     Co17-69  1 0.3159 0.3697 0.3144 
     Co17-70  1 0.3675 0.2683 0.3642 
     Co17-73  1 0.3554 0.2933 0.3512 
     Co17-74  1 0.3119 0.3777 0.3104 
     Co17-75  1 0.3293 0.3448 0.3259 
     Co17-76  1 0.3197 0.3604 0.3199 
     Co17-77  1 0.3563 0.2891 0.3546 
     Co17-78  1 0.3537 0.2888 0.3575 
     Co17-79  1 0.3360 0.3286 0.3355 
     Co17-80  1 0.3632 0.2736 0.3632 
     Co17-82  1 0.3341 0.3315 0.3344 
