   Co09-CO13  1 0.2629 0.2646 0.2377 0.2348 
   Co09-SC01  1 0.2684 0.2678 0.2347 0.2291 
   Co09-SC02  1 0.2632 0.2640 0.2354 0.2374 
   Co09-SC03  1 0.2531 0.2542 0.2479 0.2448 
   Co09-SC04  1 0.2435 0.2433 0.2571 0.2560 
   Co09-SC05  1 0.2283 0.2292 0.2745 0.2681 
   Co09-SC06  1 0.2587 0.2586 0.2415 0.2412 
   Co09-SC07  1 0.2227 0.2222 0.2739 0.2811 
   Co09-SC08  1 0.2405 0.2397 0.2537 0.2661 
   Co09-SC10  1 0.2550 0.2558 0.2431 0.2462 
   Co09-SC11  1 0.2770 0.2764 0.2253 0.2213 
   Co09-SC12  1 0.2515 0.2505 0.2502 0.2478 
   Co09-SC14  1 0.2483 0.2481 0.2517 0.2519 
   Co09-SC15  1 0.2351 0.2351 0.2647 0.2651 
   Co09-SC16  1 0.2789 0.2798 0.2202 0.2212 
   Co09-SC18  1 0.2514 0.2516 0.2512 0.2458 
   Co09-SC19  1 0.2624 0.2615 0.2384 0.2378 
   Co09-SC20  1 0.2597 0.2573 0.2397 0.2434 
   Co09-SC21  1 0.2671 0.2687 0.2351 0.2291 
   Co09-SC23  1 0.2510 0.2500 0.2516 0.2474 
   Co09-SC24  1 0.2372 0.2376 0.2654 0.2599 
   Co09-SC25  1 0.2448 0.2463 0.2567 0.2522 
   Co09-SC27  1 0.2791 0.2776 0.2227 0.2206 
   Co09-SC28  1 0.2620 0.2604 0.2388 0.2389 
   Co09-SC29  1 0.2660 0.2643 0.2355 0.2342 
   Co09-SC30  1 0.2212 0.2214 0.2775 0.2799 
   Co09-SC31  1 0.2570 0.2573 0.2406 0.2451 
   Co09-SF05  1 0.2507 0.2494 0.2489 0.2509 
   Co09-SF08  1 0.2504 0.2486 0.2490 0.2519 
   Co09-SF12  1 0.2568 0.2568 0.2456 0.2408 
   Co09-SF13  1 0.2566 0.2579 0.2479 0.2376 
   Co09-SF15  1 0.2470 0.2470 0.2508 0.2551 
   Co09-SF16  1 0.2642 0.2639 0.2366 0.2354 
   Co09-SF20  1 0.2617 0.2613 0.2420 0.2350 
   Co09-SF21  1 0.2269 0.2269 0.2706 0.2757 
   Co09-SF22  1 0.2748 0.2752 0.2243 0.2257 
   Co09-SF24  1 0.2232 0.2241 0.2738 0.2789 
   Co09-SF25  1 0.2216 0.2227 0.2756 0.2801 
   Co09-SF27  1 0.2342 0.2352 0.2669 0.2637 
   Co09-SF28  1 0.2342 0.2351 0.2598 0.2708 
   Co09-SF29  1 0.2453 0.2447 0.2534 0.2565 
   Co09-SF30  1 0.2415 0.2405 0.2580 0.2600 
  Co09-SF301  1 0.2544 0.2558 0.2459 0.2440 
  Co09-SF302  1 0.2450 0.2459 0.2528 0.2563 
  Co09-SF303  1 0.2450 0.2450 0.2548 0.2551 
  Co09-SF304  1 0.2477 0.2477 0.2521 0.2525 
  Co09-SF307  1 0.2312 0.2323 0.2720 0.2645 
  Co09-SF308  1 0.2517 0.2527 0.2480 0.2475 
  Co09-SF309  1 0.2656 0.2631 0.2359 0.2355 
  Co09-SF310  1 0.2576 0.2578 0.2449 0.2397 
  Co09-SF311  1 0.2589 0.2563 0.2447 0.2400 
  Co09-SF324  1 0.2586 0.2592 0.2391 0.2431 
  Co09-SF328  1 0.2416 0.2431 0.2540 0.2613 
  Co09-SF331  1 0.2628 0.2635 0.2384 0.2353 
  Co09-SF335  1 0.2711 0.2698 0.2314 0.2278 
  Co09-SF341  1 0.2761 0.2739 0.2245 0.2254 
  Co09-SF349  1 0.2617 0.2608 0.2385 0.2390 
   Co10-SF50  1 0.2449 0.2469 0.2511 0.2572 
   Co13-2082  1 0.2221 0.2221 0.2760 0.2798 
   Co13-2084  1 0.2311 0.2310 0.2663 0.2716 
   Co13-2085  1 0.2687 0.2695 0.2325 0.2293 
   Co13-2086  1 0.2337 0.2335 0.2697 0.2631 
   Co13-2087  1 0.2514 0.2504 0.2535 0.2447 
   Co13-2092  1 0.2520 0.2514 0.2478 0.2487 
   Co13-2093  1 0.2293 0.2299 0.2647 0.2761 
   Co13-2097  1 0.2717 0.2719 0.2261 0.2302 
   Co13-2098  1 0.2507 0.2519 0.2477 0.2496 
   Co13-2099  1 0.2440 0.2430 0.2552 0.2578 
   Co13-2100  1 0.2447 0.2432 0.2495 0.2626 
   Co13-2101  1 0.2744 0.2742 0.2235 0.2279 
   Co13-2102  1 0.2434 0.2431 0.2611 0.2523 
   Co13-2103  1 0.2513 0.2489 0.2505 0.2494 
   Co13-2104  1 0.2226 0.2225 0.2734 0.2815 
   Co13-2105  1 0.2545 0.2560 0.2452 0.2443 
   Co13-2106  1 0.2366 0.2367 0.2637 0.2631 
   Co13-2107  1 0.2550 0.2551 0.2457 0.2442 
   Co13-2108  1 0.2336 0.2335 0.2642 0.2687 
   Co13-2109  1 0.2397 0.2402 0.2645 0.2556 
   Co13-2110  1 0.2590 0.2600 0.2384 0.2427 
   Co13-2111  1 0.2513 0.2511 0.2534 0.2441 
   Co13-2112  1 0.2560 0.2527 0.2439 0.2474 
   Co13-2114  1 0.2457 0.2453 0.2566 0.2523 
   Co13-2115  1 0.2469 0.2454 0.2586 0.2491 
   Co13-2116  1 0.2698 0.2714 0.2311 0.2277 
   Co13-2117  1 0.2659 0.2647 0.2342 0.2351 
   Co13-2119  1 0.2766 0.2777 0.2245 0.2212 
   Co13-2120  1 0.2477 0.2479 0.2535 0.2510 
   Co13-2121  1 0.2625 0.2632 0.2392 0.2350 
   Co13-2122  1 0.2602 0.2609 0.2377 0.2412 
   Co13-2123  1 0.2450 0.2448 0.2564 0.2538 
   Co13-2124  1 0.2194 0.2205 0.2819 0.2782 
   Co13-2125  1 0.2455 0.2451 0.2536 0.2558 
   Co13-2126  1 0.2495 0.2504 0.2518 0.2484 
   Co13-2127  1 0.2501 0.2494 0.2545 0.2460 
   Co13-2128  1 0.2446 0.2437 0.2540 0.2577 
   Co13-2129  1 0.2587 0.2565 0.2443 0.2405 
   Co13-2130  1 0.2642 0.2630 0.2368 0.2361 
   Co13-2131  1 0.2435 0.2424 0.2566 0.2574 
   Co13-2132  1 0.2441 0.2434 0.2550 0.2575 
   Co13-2133  1 0.2513 0.2513 0.2486 0.2488 
   Co13-2134  1 0.2500 0.2483 0.2485 0.2531 
   Co13-2135  1 0.2439 0.2450 0.2555 0.2556 
   Co13-2136  1 0.2374 0.2381 0.2607 0.2638 
   Co13-2137  1 0.2329 0.2336 0.2661 0.2674 
   Co13-2139  1 0.2404 0.2397 0.2582 0.2617 
   Co13-2140  1 0.2333 0.2317 0.2701 0.2649 
   Co13-2141  1 0.2787 0.2784 0.2236 0.2193 
   Co13-2142  1 0.2532 0.2524 0.2469 0.2475 
   Co13-2143  1 0.2594 0.2604 0.2401 0.2401 
   Co13-2144  1 0.2337 0.2352 0.2693 0.2618 
   Co13-2145  1 0.2471 0.2473 0.2529 0.2527 
   Co13-2146  1 0.2331 0.2334 0.2677 0.2658 
   Co13-2147  1 0.2752 0.2746 0.2267 0.2235 
   Co13-2149  1 0.2425 0.2439 0.2572 0.2565 
   Co13-2150  1 0.2597 0.2610 0.2399 0.2393 
   Co13-2184  1 0.2404 0.2396 0.2625 0.2575 
    Co13-Tg1  1 0.2637 0.2640 0.2370 0.2352 
     Co17-01  1 0.2387 0.2389 0.2554 0.2669 
     Co17-02  1 0.2682 0.2660 0.2357 0.2301 
     Co17-03  1 0.2505 0.2506 0.2502 0.2486 
     Co17-04  1 0.2340 0.2337 0.2662 0.2661 
     Co17-05  1 0.2555 0.2554 0.2441 0.2450 
     Co17-06  1 0.2531 0.2549 0.2492 0.2428 
     Co17-07  1 0.2412 0.2406 0.2572 0.2610 
     Co17-08  1 0.2483 0.2472 0.2527 0.2518 
     Co17-09  1 0.2623 0.2615 0.2366 0.2397 
     Co17-10  1 0.2412 0.2409 0.2586 0.2593 
     Co17-11  1 0.2707 0.2716 0.2293 0.2284 
     Co17-12  1 0.2434 0.2430 0.2530 0.2605 
     Co17-13  1 0.2451 0.2448 0.2570 0.2531 
     Co17-14  1 0.2327 0.2321 0.2640 0.2712 
     Co17-15  1 0.2479 0.2478 0.2488 0.2554 
     Co17-16  1 0.2456 0.2461 0.2547 0.2536 
     Co17-17  1 0.2484 0.2470 0.2549 0.2498 
     Co17-18  1 0.2504 0.2512 0.2512 0.2472 
     Co17-19  1 0.2381 0.2391 0.2591 0.2638 
     Co17-20  1 0.2537 0.2544 0.2456 0.2464 
     Co17-21  1 0.2350 0.2344 0.2587 0.2719 
     Co17-22  1 0.2346 0.2345 0.2658 0.2652 
     Co17-23  1 0.2311 0.2323 0.2662 0.2704 
     Co17-24  1 0.2325 0.2323 0.2615 0.2738 
     Co17-25  1 0.2626 0.2616 0.2405 0.2353 
     Co17-26  1 0.2530 0.2506 0.2495 0.2469 
     Co17-27  1 0.2382 0.2390 0.2601 0.2627 
     Co17-28  1 0.2412 0.2419 0.2575 0.2594 
     Co17-29  1 0.2444 0.2436 0.2562 0.2559 
     Co17-30  1 0.2427 0.2437 0.2571 0.2565 
     Co17-31  1 0.2443 0.2435 0.2527 0.2595 
     Co17-32  1 0.2333 0.2339 0.2675 0.2653 
     Co17-34  1 0.2476 0.2473 0.2514 0.2537 
     Co17-35  1 0.2506 0.2518 0.2482 0.2494 
     Co17-36  1 0.2411 0.2413 0.2552 0.2625 
     Co17-37  1 0.2529 0.2531 0.2481 0.2459 
     Co17-38  1 0.2471 0.2471 0.2519 0.2539 
     Co17-39  1 0.2703 0.2713 0.2312 0.2271 
     Co17-40  1 0.2268 0.2268 0.2731 0.2732 
     Co17-41  1 0.2476 0.2488 0.2530 0.2506 
     Co17-43  1 0.2462 0.2463 0.2548 0.2527 
     Co17-46  1 0.2530 0.2542 0.2471 0.2456 
     Co17-47  1 0.2414 0.2410 0.2611 0.2565 
     Co17-48  1 0.2423 0.2424 0.2623 0.2531 
     Co17-49  1 0.2533 0.2526 0.2475 0.2466 
     Co17-50  1 0.2424 0.2427 0.2603 0.2547 
     Co17-51  1 0.2464 0.2447 0.2534 0.2555 
     Co17-52  1 0.2312 0.2323 0.2635 0.2730 
     Co17-53  1 0.2381 0.2378 0.2639 0.2602 
     Co17-54  1 0.2284 0.2283 0.2675 0.2759 
     Co17-55  1 0.2547 0.2555 0.2463 0.2435 
     Co17-56  1 0.2819 0.2818 0.2195 0.2167 
     Co17-57  1 0.2573 0.2572 0.2409 0.2447 
     Co17-58  1 0.2575 0.2563 0.2417 0.2446 
     Co17-60  1 0.2815 0.2797 0.2196 0.2192 
     Co17-62  1 0.2400 0.2400 0.2581 0.2619 
     Co17-65  1 0.2794 0.2780 0.2234 0.2192 
     Co17-67  1 0.2532 0.2543 0.2455 0.2470 
     Co17-68  1 0.2661 0.2668 0.2345 0.2325 
     Co17-69  1 0.2276 0.2274 0.2729 0.2721 
     Co17-70  1 0.2774 0.2782 0.2258 0.2186 
     Co17-73  1 0.2577 0.2581 0.2432 0.2410 
     Co17-74  1 0.2342 0.2335 0.2659 0.2664 
     Co17-75  1 0.2419 0.2422 0.2540 0.2618 
     Co17-76  1 0.2379 0.2384 0.2609 0.2628 
     Co17-77  1 0.2653 0.2665 0.2326 0.2355 
     Co17-78  1 0.2741 0.2731 0.2254 0.2274 
     Co17-79  1 0.2448 0.2455 0.2555 0.2543 
     Co17-80  1 0.2777 0.2775 0.2250 0.2198 
     Co17-82  1 0.2491 0.2487 0.2507 0.2515 
