   Co09-CO13  1 0.3492 0.3579 0.2929 
   Co09-SC01  1 0.3519 0.3647 0.2834 
   Co09-SC02  1 0.3415 0.3520 0.3065 
   Co09-SC03  1 0.3318 0.3330 0.3353 
   Co09-SC04  1 0.3384 0.3343 0.3273 
   Co09-SC05  1 0.3222 0.3060 0.3718 
   Co09-SC06  1 0.3420 0.3462 0.3118 
   Co09-SC07  1 0.3003 0.2845 0.4152 
   Co09-SC08  1 0.3157 0.3137 0.3706 
   Co09-SC10  1 0.3265 0.3290 0.3444 
   Co09-SC11  1 0.3517 0.3697 0.2786 
   Co09-SC12  1 0.3278 0.3309 0.3414 
   Co09-SC14  1 0.3291 0.3251 0.3457 
   Co09-SC15  1 0.3249 0.3126 0.3625 
   Co09-SC16  1 0.3435 0.3626 0.2939 
   Co09-SC18  1 0.3366 0.3353 0.3281 
   Co09-SC19  1 0.3315 0.3415 0.3270 
   Co09-SC20  1 0.3381 0.3471 0.3148 
   Co09-SC21  1 0.3518 0.3635 0.2847 
   Co09-SC23  1 0.3274 0.3237 0.3489 
   Co09-SC24  1 0.3275 0.3160 0.3565 
   Co09-SC25  1 0.3367 0.3333 0.3300 
   Co09-SC27  1 0.3544 0.3738 0.2719 
   Co09-SC28  1 0.3431 0.3502 0.3067 
   Co09-SC29  1 0.3483 0.3601 0.2916 
   Co09-SC30  1 0.3131 0.2927 0.3942 
   Co09-SC31  1 0.3320 0.3374 0.3306 
   Co09-SF05  1 0.3361 0.3378 0.3261 
   Co09-SF08  1 0.3258 0.3272 0.3470 
   Co09-SF12  1 0.3301 0.3352 0.3347 
   Co09-SF13  1 0.3399 0.3419 0.3182 
   Co09-SF15  1 0.3247 0.3219 0.3533 
   Co09-SF16  1 0.3339 0.3420 0.3240 
   Co09-SF20  1 0.3422 0.3482 0.3096 
   Co09-SF21  1 0.3160 0.3018 0.3822 
   Co09-SF22  1 0.3428 0.3607 0.2965 
   Co09-SF24  1 0.3157 0.2984 0.3859 
   Co09-SF25  1 0.3198 0.3042 0.3760 
   Co09-SF27  1 0.3241 0.3166 0.3593 
   Co09-SF28  1 0.3243 0.3117 0.3640 
   Co09-SF29  1 0.3334 0.3289 0.3377 
   Co09-SF30  1 0.3320 0.3304 0.3376 
  Co09-SF301  1 0.3417 0.3454 0.3129 
  Co09-SF302  1 0.3412 0.3386 0.3202 
  Co09-SF303  1 0.3364 0.3308 0.3328 
  Co09-SF304  1 0.3378 0.3354 0.3268 
  Co09-SF307  1 0.3279 0.3169 0.3552 
  Co09-SF308  1 0.3422 0.3436 0.3142 
  Co09-SF309  1 0.3362 0.3475 0.3163 
  Co09-SF310  1 0.3380 0.3433 0.3187 
  Co09-SF311  1 0.3333 0.3387 0.3280 
  Co09-SF324  1 0.3387 0.3424 0.3189 
  Co09-SF328  1 0.3239 0.3218 0.3543 
  Co09-SF331  1 0.3399 0.3487 0.3115 
  Co09-SF335  1 0.3508 0.3643 0.2849 
  Co09-SF341  1 0.3344 0.3558 0.3098 
  Co09-SF349  1 0.3449 0.3530 0.3021 
   Co10-SF50  1 0.3409 0.3388 0.3202 
   Co13-2082  1 0.3203 0.3041 0.3756 
   Co13-2084  1 0.3236 0.3088 0.3676 
   Co13-2085  1 0.3439 0.3545 0.3017 
   Co13-2086  1 0.3216 0.3123 0.3661 
   Co13-2087  1 0.3336 0.3357 0.3307 
   Co13-2092  1 0.3383 0.3349 0.3268 
   Co13-2093  1 0.3088 0.2942 0.3970 
   Co13-2097  1 0.3494 0.3656 0.2851 
   Co13-2098  1 0.3374 0.3383 0.3243 
   Co13-2099  1 0.3339 0.3307 0.3354 
   Co13-2100  1 0.3231 0.3201 0.3568 
   Co13-2101  1 0.3462 0.3604 0.2934 
   Co13-2102  1 0.3285 0.3252 0.3462 
   Co13-2103  1 0.3408 0.3424 0.3168 
   Co13-2104  1 0.3011 0.2848 0.4142 
   Co13-2105  1 0.3374 0.3410 0.3217 
   Co13-2106  1 0.3234 0.3167 0.3599 
   Co13-2107  1 0.3380 0.3380 0.3241 
   Co13-2108  1 0.3241 0.3128 0.3631 
   Co13-2109  1 0.3410 0.3334 0.3256 
   Co13-2110  1 0.3399 0.3467 0.3135 
   Co13-2111  1 0.3404 0.3388 0.3208 
   Co13-2112  1 0.3313 0.3341 0.3345 
   Co13-2114  1 0.3334 0.3289 0.3377 
   Co13-2115  1 0.3333 0.3336 0.3332 
   Co13-2116  1 0.3517 0.3665 0.2818 
   Co13-2117  1 0.3438 0.3519 0.3043 
   Co13-2119  1 0.3455 0.3642 0.2903 
   Co13-2120  1 0.3294 0.3273 0.3433 
   Co13-2121  1 0.3385 0.3478 0.3137 
   Co13-2122  1 0.3385 0.3461 0.3154 
   Co13-2123  1 0.3338 0.3314 0.3348 
   Co13-2124  1 0.3147 0.2982 0.3872 
   Co13-2125  1 0.3281 0.3225 0.3494 
   Co13-2126  1 0.3353 0.3344 0.3303 
   Co13-2127  1 0.3387 0.3376 0.3236 
   Co13-2128  1 0.3254 0.3211 0.3536 
   Co13-2129  1 0.3413 0.3502 0.3085 
   Co13-2130  1 0.3393 0.3427 0.3180 
   Co13-2131  1 0.3362 0.3353 0.3285 
   Co13-2132  1 0.3207 0.3214 0.3579 
   Co13-2133  1 0.3398 0.3434 0.3169 
   Co13-2134  1 0.3295 0.3297 0.3408 
   Co13-2135  1 0.3372 0.3370 0.3258 
   Co13-2136  1 0.3185 0.3094 0.3722 
   Co13-2137  1 0.3176 0.3030 0.3795 
   Co13-2139  1 0.3279 0.3249 0.3472 
   Co13-2140  1 0.3255 0.3164 0.3581 
   Co13-2141  1 0.3515 0.3687 0.2798 
   Co13-2142  1 0.3345 0.3396 0.3259 
   Co13-2143  1 0.3412 0.3485 0.3103 
   Co13-2144  1 0.3267 0.3186 0.3547 
   Co13-2145  1 0.3320 0.3254 0.3426 
   Co13-2146  1 0.3198 0.3070 0.3732 
   Co13-2147  1 0.3397 0.3595 0.3008 
   Co13-2149  1 0.3209 0.3163 0.3628 
   Co13-2150  1 0.3417 0.3499 0.3084 
   Co13-2184  1 0.3236 0.3223 0.3541 
    Co13-Tg1  1 0.3448 0.3522 0.3029 
     Co17-01  1 0.3277 0.3202 0.3521 
     Co17-02  1 0.3493 0.3619 0.2888 
     Co17-03  1 0.3300 0.3303 0.3397 
     Co17-04  1 0.3131 0.3019 0.3850 
     Co17-05  1 0.3332 0.3337 0.3331 
     Co17-06  1 0.3353 0.3361 0.3286 
     Co17-07  1 0.3282 0.3255 0.3463 
     Co17-08  1 0.3261 0.3225 0.3514 
     Co17-09  1 0.3369 0.3445 0.3186 
     Co17-10  1 0.3277 0.3205 0.3517 
     Co17-11  1 0.3499 0.3601 0.2899 
     Co17-12  1 0.3265 0.3215 0.3520 
     Co17-13  1 0.3316 0.3281 0.3403 
     Co17-14  1 0.3184 0.3022 0.3794 
     Co17-15  1 0.3224 0.3198 0.3578 
     Co17-16  1 0.3310 0.3294 0.3397 
     Co17-17  1 0.3231 0.3211 0.3558 
     Co17-18  1 0.3359 0.3327 0.3314 
     Co17-19  1 0.3288 0.3219 0.3493 
     Co17-20  1 0.3353 0.3364 0.3283 
     Co17-21  1 0.3192 0.3126 0.3682 
     Co17-22  1 0.3225 0.3148 0.3627 
     Co17-23  1 0.3164 0.3011 0.3825 
     Co17-24  1 0.3078 0.2987 0.3935 
     Co17-25  1 0.3471 0.3539 0.2990 
     Co17-26  1 0.3291 0.3336 0.3373 
     Co17-27  1 0.3262 0.3232 0.3507 
     Co17-28  1 0.3268 0.3217 0.3516 
     Co17-29  1 0.3203 0.3164 0.3633 
     Co17-30  1 0.3294 0.3251 0.3454 
     Co17-31  1 0.3282 0.3242 0.3476 
     Co17-32  1 0.3282 0.3214 0.3504 
     Co17-34  1 0.3295 0.3219 0.3486 
     Co17-35  1 0.3352 0.3367 0.3281 
     Co17-36  1 0.3253 0.3209 0.3539 
     Co17-37  1 0.3385 0.3419 0.3197 
     Co17-38  1 0.3327 0.3332 0.3341 
     Co17-39  1 0.3533 0.3657 0.2811 
     Co17-40  1 0.3111 0.2911 0.3979 
     Co17-41  1 0.3371 0.3325 0.3304 
     Co17-43  1 0.3376 0.3341 0.3284 
     Co17-46  1 0.3392 0.3429 0.3179 
     Co17-47  1 0.3221 0.3142 0.3637 
     Co17-48  1 0.3374 0.3304 0.3323 
     Co17-49  1 0.3273 0.3287 0.3440 
     Co17-50  1 0.3343 0.3319 0.3338 
     Co17-51  1 0.3257 0.3212 0.3531 
     Co17-52  1 0.3186 0.3074 0.3740 
     Co17-53  1 0.3227 0.3172 0.3601 
     Co17-54  1 0.3267 0.3144 0.3589 
     Co17-55  1 0.3428 0.3470 0.3102 
     Co17-56  1 0.3501 0.3748 0.2750 
     Co17-57  1 0.3412 0.3436 0.3152 
     Co17-58  1 0.3320 0.3355 0.3324 
     Co17-60  1 0.3565 0.3704 0.2731 
     Co17-62  1 0.3249 0.3170 0.3581 
     Co17-65  1 0.3504 0.3691 0.2805 
     Co17-67  1 0.3332 0.3355 0.3313 
     Co17-68  1 0.3404 0.3504 0.3092 
     Co17-69  1 0.3231 0.3091 0.3678 
     Co17-70  1 0.3561 0.3705 0.2734 
     Co17-73  1 0.3496 0.3565 0.2939 
     Co17-74  1 0.3212 0.3089 0.3699 
     Co17-75  1 0.3334 0.3286 0.3380 
     Co17-76  1 0.3231 0.3162 0.3607 
     Co17-77  1 0.3438 0.3532 0.3030 
     Co17-78  1 0.3455 0.3621 0.2924 
     Co17-79  1 0.3369 0.3366 0.3265 
     Co17-80  1 0.3538 0.3688 0.2774 
     Co17-82  1 0.3354 0.3346 0.3300 
