   Co09-CO13  1 0.2808 0.3587 0.3605 
   Co09-SC01  1 0.2671 0.3660 0.3669 
   Co09-SC02  1 0.3027 0.3481 0.3492 
   Co09-SC03  1 0.3355 0.3307 0.3338 
   Co09-SC04  1 0.3290 0.3343 0.3367 
   Co09-SC05  1 0.3857 0.3067 0.3076 
   Co09-SC06  1 0.3083 0.3454 0.3463 
   Co09-SC07  1 0.4372 0.2822 0.2806 
   Co09-SC08  1 0.3779 0.3144 0.3077 
   Co09-SC10  1 0.3441 0.3277 0.3281 
   Co09-SC11  1 0.2600 0.3696 0.3705 
   Co09-SC12  1 0.3414 0.3295 0.3291 
   Co09-SC14  1 0.3469 0.3269 0.3262 
   Co09-SC15  1 0.3726 0.3128 0.3145 
   Co09-SC16  1 0.2858 0.3593 0.3549 
   Co09-SC18  1 0.3222 0.3382 0.3396 
   Co09-SC19  1 0.3255 0.3382 0.3362 
   Co09-SC20  1 0.3133 0.3477 0.3390 
   Co09-SC21  1 0.2677 0.3637 0.3686 
   Co09-SC23  1 0.3602 0.3225 0.3173 
   Co09-SC24  1 0.3613 0.3198 0.3189 
   Co09-SC25  1 0.3318 0.3326 0.3356 
   Co09-SC27  1 0.2556 0.3755 0.3688 
   Co09-SC28  1 0.2982 0.3520 0.3498 
   Co09-SC29  1 0.2774 0.3625 0.3601 
   Co09-SC30  1 0.4182 0.2897 0.2921 
   Co09-SC31  1 0.3279 0.3363 0.3358 
   Co09-SF05  1 0.3218 0.3391 0.3391 
   Co09-SF08  1 0.3562 0.3261 0.3178 
   Co09-SF12  1 0.3379 0.3321 0.3300 
   Co09-SF13  1 0.3138 0.3434 0.3428 
   Co09-SF15  1 0.3583 0.3235 0.3182 
   Co09-SF16  1 0.3204 0.3411 0.3385 
   Co09-SF20  1 0.3073 0.3481 0.3447 
   Co09-SF21  1 0.3962 0.3016 0.3022 
   Co09-SF22  1 0.2832 0.3598 0.3570 
   Co09-SF24  1 0.4073 0.2952 0.2975 
   Co09-SF25  1 0.3854 0.3065 0.3080 
   Co09-SF27  1 0.3751 0.3122 0.3127 
   Co09-SF28  1 0.3727 0.3133 0.3139 
   Co09-SF29  1 0.3413 0.3307 0.3281 
   Co09-SF30  1 0.3359 0.3327 0.3314 
  Co09-SF301  1 0.3102 0.3442 0.3457 
  Co09-SF302  1 0.3145 0.3403 0.3452 
  Co09-SF303  1 0.3296 0.3344 0.3360 
  Co09-SF304  1 0.3210 0.3387 0.3402 
  Co09-SF307  1 0.3676 0.3146 0.3178 
  Co09-SF308  1 0.3104 0.3446 0.3450 
  Co09-SF309  1 0.3171 0.3460 0.3369 
  Co09-SF310  1 0.3124 0.3439 0.3438 
  Co09-SF311  1 0.3298 0.3393 0.3309 
  Co09-SF324  1 0.3209 0.3402 0.3388 
  Co09-SF328  1 0.3570 0.3222 0.3208 
  Co09-SF331  1 0.3073 0.3465 0.3462 
  Co09-SF335  1 0.2725 0.3653 0.3622 
  Co09-SF341  1 0.3033 0.3555 0.3412 
  Co09-SF349  1 0.2953 0.3537 0.3510 
   Co10-SF50  1 0.3167 0.3398 0.3435 
   Co13-2082  1 0.3894 0.3043 0.3063 
   Co13-2084  1 0.3736 0.3118 0.3146 
   Co13-2085  1 0.2891 0.3548 0.3561 
   Co13-2086  1 0.3722 0.3147 0.3131 
   Co13-2087  1 0.3383 0.3317 0.3300 
   Co13-2092  1 0.3209 0.3380 0.3411 
   Co13-2093  1 0.4114 0.2945 0.2941 
   Co13-2097  1 0.2700 0.3643 0.3657 
   Co13-2098  1 0.3198 0.3404 0.3399 
   Co13-2099  1 0.3386 0.3307 0.3307 
   Co13-2100  1 0.3630 0.3198 0.3172 
   Co13-2101  1 0.2804 0.3621 0.3574 
   Co13-2102  1 0.3527 0.3229 0.3244 
   Co13-2103  1 0.3127 0.3440 0.3433 
   Co13-2104  1 0.4375 0.2816 0.2809 
   Co13-2105  1 0.3218 0.3392 0.3391 
   Co13-2106  1 0.3708 0.3140 0.3152 
   Co13-2107  1 0.3172 0.3406 0.3422 
   Co13-2108  1 0.3688 0.3150 0.3162 
   Co13-2109  1 0.3247 0.3362 0.3391 
   Co13-2110  1 0.3023 0.3475 0.3502 
   Co13-2111  1 0.3191 0.3390 0.3419 
   Co13-2112  1 0.3354 0.3328 0.3317 
   Co13-2114  1 0.3420 0.3290 0.3290 
   Co13-2115  1 0.3322 0.3341 0.3337 
   Co13-2116  1 0.2705 0.3666 0.3629 
   Co13-2117  1 0.2993 0.3520 0.3486 
   Co13-2119  1 0.2755 0.3635 0.3610 
   Co13-2120  1 0.3493 0.3253 0.3254 
   Co13-2121  1 0.3126 0.3453 0.3421 
   Co13-2122  1 0.3072 0.3461 0.3467 
   Co13-2123  1 0.3332 0.3321 0.3347 
   Co13-2124  1 0.4015 0.2981 0.3004 
   Co13-2125  1 0.3544 0.3222 0.3234 
   Co13-2126  1 0.3336 0.3319 0.3345 
   Co13-2127  1 0.3224 0.3375 0.3401 
   Co13-2128  1 0.3537 0.3228 0.3236 
   Co13-2129  1 0.2999 0.3510 0.3491 
   Co13-2130  1 0.3156 0.3416 0.3428 
   Co13-2131  1 0.3309 0.3358 0.3333 
   Co13-2132  1 0.3684 0.3174 0.3142 
   Co13-2133  1 0.3118 0.3422 0.3460 
   Co13-2134  1 0.3471 0.3284 0.3245 
   Co13-2135  1 0.3221 0.3370 0.3409 
   Co13-2136  1 0.3871 0.3075 0.3054 
   Co13-2137  1 0.3905 0.3050 0.3045 
   Co13-2139  1 0.3535 0.3239 0.3225 
   Co13-2140  1 0.3641 0.3174 0.3185 
   Co13-2141  1 0.2638 0.3686 0.3676 
   Co13-2142  1 0.3215 0.3392 0.3393 
   Co13-2143  1 0.3078 0.3464 0.3458 
   Co13-2144  1 0.3679 0.3163 0.3158 
   Co13-2145  1 0.3447 0.3273 0.3280 
   Co13-2146  1 0.3877 0.3057 0.3066 
   Co13-2147  1 0.2942 0.3565 0.3493 
   Co13-2149  1 0.3662 0.3161 0.3177 
   Co13-2150  1 0.2967 0.3511 0.3522 
   Co13-2184  1 0.3610 0.3192 0.3197 
    Co13-Tg1  1 0.2927 0.3536 0.3537 
     Co17-01  1 0.3557 0.3217 0.3226 
     Co17-02  1 0.2729 0.3647 0.3624 
     Co17-03  1 0.3472 0.3273 0.3255 
     Co17-04  1 0.3988 0.3005 0.3007 
     Co17-05  1 0.3279 0.3366 0.3355 
     Co17-06  1 0.3254 0.3367 0.3380 
     Co17-07  1 0.3450 0.3270 0.3280 
     Co17-08  1 0.3605 0.3212 0.3183 
     Co17-09  1 0.3135 0.3441 0.3425 
     Co17-10  1 0.3617 0.3194 0.3189 
     Co17-11  1 0.2803 0.3604 0.3593 
     Co17-12  1 0.3594 0.3199 0.3207 
     Co17-13  1 0.3431 0.3294 0.3275 
     Co17-14  1 0.3930 0.3028 0.3042 
     Co17-15  1 0.3617 0.3197 0.3185 
     Co17-16  1 0.3432 0.3275 0.3293 
     Co17-17  1 0.3677 0.3173 0.3151 
     Co17-18  1 0.3283 0.3346 0.3371 
     Co17-19  1 0.3496 0.3239 0.3266 
     Co17-20  1 0.3329 0.3330 0.3341 
     Co17-21  1 0.3733 0.3146 0.3120 
     Co17-22  1 0.3778 0.3113 0.3109 
     Co17-23  1 0.3961 0.3014 0.3026 
     Co17-24  1 0.4091 0.2962 0.2947 
     Co17-25  1 0.2855 0.3578 0.3567 
     Co17-26  1 0.3395 0.3335 0.3270 
     Co17-27  1 0.3557 0.3218 0.3226 
     Co17-28  1 0.3599 0.3192 0.3209 
     Co17-29  1 0.3689 0.3172 0.3139 
     Co17-30  1 0.3454 0.3265 0.3282 
     Co17-31  1 0.3555 0.3233 0.3211 
     Co17-32  1 0.3577 0.3193 0.3230 
     Co17-34  1 0.3494 0.3249 0.3257 
     Co17-35  1 0.3255 0.3368 0.3376 
     Co17-36  1 0.3580 0.3213 0.3207 
     Co17-37  1 0.3135 0.3429 0.3436 
     Co17-38  1 0.3336 0.3337 0.3327 
     Co17-39  1 0.2703 0.3640 0.3656 
     Co17-40  1 0.4158 0.2923 0.2920 
     Co17-41  1 0.3322 0.3333 0.3344 
     Co17-43  1 0.3289 0.3346 0.3365 
     Co17-46  1 0.3132 0.3429 0.3439 
     Co17-47  1 0.3719 0.3141 0.3140 
     Co17-48  1 0.3417 0.3281 0.3302 
     Co17-49  1 0.3503 0.3253 0.3244 
     Co17-50  1 0.3333 0.3319 0.3348 
     Co17-51  1 0.3570 0.3209 0.3221 
     Co17-52  1 0.3817 0.3086 0.3097 
     Co17-53  1 0.3716 0.3155 0.3130 
     Co17-54  1 0.3672 0.3149 0.3179 
     Co17-55  1 0.3006 0.3482 0.3511 
     Co17-56  1 0.2575 0.3720 0.3704 
     Co17-57  1 0.3055 0.3469 0.3476 
     Co17-58  1 0.3319 0.3361 0.3321 
     Co17-60  1 0.2541 0.3727 0.3732 
     Co17-62  1 0.3615 0.3187 0.3198 
     Co17-65  1 0.2640 0.3695 0.3665 
     Co17-67  1 0.3329 0.3329 0.3342 
     Co17-68  1 0.3014 0.3499 0.3487 
     Co17-69  1 0.3781 0.3103 0.3116 
     Co17-70  1 0.2584 0.3703 0.3713 
     Co17-73  1 0.2863 0.3545 0.3592 
     Co17-74  1 0.3827 0.3081 0.3092 
     Co17-75  1 0.3447 0.3265 0.3289 
     Co17-76  1 0.3677 0.3163 0.3160 
     Co17-77  1 0.2880 0.3556 0.3564 
     Co17-78  1 0.2817 0.3601 0.3581 
     Co17-79  1 0.3298 0.3351 0.3351 
     Co17-80  1 0.2648 0.3675 0.3677 
     Co17-82  1 0.3312 0.3356 0.3332 
