   Co09-CO13  1 0.1809 0.1943 0.2082 0.2077 0.2090 
   Co09-SC01  1 0.1799 0.1877 0.2106 0.2106 0.2111 
   Co09-SC02  1 0.1919 0.1883 0.2061 0.2068 0.2069 
   Co09-SC03  1 0.1982 0.1962 0.2016 0.2019 0.2021 
   Co09-SC04  1 0.2013 0.2035 0.1979 0.1975 0.1998 
   Co09-SC05  1 0.2109 0.2180 0.1897 0.1902 0.1913 
   Co09-SC06  1 0.1922 0.1901 0.2059 0.2059 0.2058 
   Co09-SC07  1 0.2300 0.2200 0.1837 0.1834 0.1828 
   Co09-SC08  1 0.2143 0.2029 0.1960 0.1937 0.1931 
   Co09-SC10  1 0.1987 0.1938 0.2027 0.2026 0.2023 
   Co09-SC11  1 0.1772 0.1816 0.2134 0.2133 0.2145 
   Co09-SC12  1 0.1978 0.2010 0.2006 0.2006 0.2000 
   Co09-SC14  1 0.2057 0.2021 0.1972 0.1974 0.1976 
   Co09-SC15  1 0.2157 0.2059 0.1922 0.1928 0.1934 
   Co09-SC16  1 0.1790 0.1806 0.2135 0.2134 0.2135 
   Co09-SC18  1 0.1968 0.2034 0.2001 0.1996 0.2001 
   Co09-SC19  1 0.1938 0.1942 0.2046 0.2041 0.2033 
   Co09-SC20  1 0.1962 0.1905 0.2063 0.2038 0.2032 
   Co09-SC21  1 0.1807 0.1876 0.2104 0.2108 0.2105 
   Co09-SC23  1 0.2050 0.2031 0.1983 0.1972 0.1964 
   Co09-SC24  1 0.2072 0.2127 0.1928 0.1937 0.1936 
   Co09-SC25  1 0.2013 0.2013 0.1986 0.1992 0.1996 
   Co09-SC27  1 0.1750 0.1781 0.2176 0.2151 0.2142 
   Co09-SC28  1 0.1891 0.1904 0.2074 0.2065 0.2065 
   Co09-SC29  1 0.1829 0.1877 0.2101 0.2097 0.2096 
   Co09-SC30  1 0.2269 0.2217 0.1836 0.1834 0.1843 
   Co09-SC31  1 0.1980 0.1951 0.2019 0.2028 0.2022 
   Co09-SF05  1 0.1988 0.1953 0.2019 0.2023 0.2016 
   Co09-SF08  1 0.2059 0.2019 0.1998 0.1968 0.1955 
   Co09-SF12  1 0.1962 0.1986 0.2016 0.2022 0.2014 
   Co09-SF13  1 0.1924 0.1992 0.2022 0.2033 0.2029 
   Co09-SF15  1 0.2032 0.2059 0.1978 0.1970 0.1961 
   Co09-SF16  1 0.1937 0.1937 0.2047 0.2040 0.2039 
   Co09-SF20  1 0.1895 0.1920 0.2067 0.2065 0.2053 
   Co09-SF21  1 0.2195 0.2172 0.1887 0.1871 0.1874 
   Co09-SF22  1 0.1835 0.1830 0.2116 0.2111 0.2108 
   Co09-SF24  1 0.2261 0.2175 0.1842 0.1858 0.1864 
   Co09-SF25  1 0.2204 0.2172 0.1873 0.1871 0.1879 
   Co09-SF27  1 0.2148 0.2145 0.1897 0.1905 0.1905 
   Co09-SF28  1 0.2149 0.2040 0.1931 0.1944 0.1936 
   Co09-SF29  1 0.2014 0.2025 0.2000 0.1980 0.1981 
   Co09-SF30  1 0.2107 0.2119 0.1939 0.1925 0.1909 
  Co09-SF301  1 0.1914 0.1973 0.2036 0.2036 0.2042 
  Co09-SF302  1 0.1957 0.2046 0.1993 0.1996 0.2009 
  Co09-SF303  1 0.2057 0.2032 0.1964 0.1966 0.1981 
  Co09-SF304  1 0.1969 0.2079 0.1982 0.1982 0.1988 
  Co09-SF307  1 0.2123 0.2121 0.1913 0.1918 0.1926 
  Co09-SF308  1 0.1945 0.1953 0.2028 0.2040 0.2035 
  Co09-SF309  1 0.1923 0.1900 0.2084 0.2052 0.2042 
  Co09-SF310  1 0.1905 0.1960 0.2043 0.2043 0.2049 
  Co09-SF311  1 0.1980 0.1985 0.2037 0.2010 0.1987 
  Co09-SF324  1 0.1969 0.1937 0.2038 0.2030 0.2026 
  Co09-SF328  1 0.2073 0.2020 0.1980 0.1967 0.1959 
  Co09-SF331  1 0.1923 0.1909 0.2063 0.2054 0.2050 
  Co09-SF335  1 0.1810 0.1819 0.2139 0.2116 0.2116 
  Co09-SF341  1 0.1858 0.1829 0.2137 0.2106 0.2069 
  Co09-SF349  1 0.1937 0.1960 0.2043 0.2031 0.2029 
   Co10-SF50  1 0.2005 0.2000 0.1989 0.2003 0.2003 
   Co13-2082  1 0.2177 0.2157 0.1883 0.1889 0.1895 
   Co13-2084  1 0.2202 0.2137 0.1888 0.1889 0.1884 
   Co13-2085  1 0.1823 0.1825 0.2117 0.2116 0.2120 
   Co13-2086  1 0.2082 0.2131 0.1936 0.1926 0.1925 
   Co13-2087  1 0.2030 0.2013 0.1993 0.1989 0.1975 
   Co13-2092  1 0.2000 0.2031 0.1979 0.1990 0.2000 
   Co13-2093  1 0.2241 0.2172 0.1861 0.1865 0.1861 
   Co13-2097  1 0.1835 0.1838 0.2115 0.2110 0.2101 
   Co13-2098  1 0.1963 0.1982 0.2020 0.2015 0.2019 
   Co13-2099  1 0.2048 0.2054 0.1965 0.1967 0.1967 
   Co13-2100  1 0.2106 0.1989 0.1974 0.1966 0.1965 
   Co13-2101  1 0.1854 0.1810 0.2120 0.2113 0.2103 
   Co13-2102  1 0.1993 0.2075 0.1979 0.1980 0.1973 
   Co13-2103  1 0.1956 0.2019 0.2013 0.2009 0.2003 
   Co13-2104  1 0.2324 0.2216 0.1828 0.1818 0.1813 
   Co13-2105  1 0.1970 0.1927 0.2029 0.2039 0.2035 
   Co13-2106  1 0.2160 0.2117 0.1912 0.1909 0.1902 
   Co13-2107  1 0.1889 0.1987 0.2034 0.2044 0.2046 
   Co13-2108  1 0.2159 0.2104 0.1906 0.1910 0.1920 
   Co13-2109  1 0.1998 0.2094 0.1961 0.1972 0.1975 
   Co13-2110  1 0.1903 0.1902 0.2064 0.2070 0.2062 
   Co13-2111  1 0.1966 0.1983 0.2008 0.2015 0.2027 
   Co13-2112  1 0.1998 0.1950 0.2021 0.2014 0.2018 
   Co13-2114  1 0.2057 0.2027 0.1970 0.1978 0.1967 
   Co13-2115  1 0.1990 0.2005 0.2007 0.1999 0.1999 
   Co13-2116  1 0.1762 0.1833 0.2145 0.2134 0.2126 
   Co13-2117  1 0.1868 0.1866 0.2096 0.2090 0.2080 
   Co13-2119  1 0.1800 0.1794 0.2126 0.2142 0.2138 
   Co13-2120  1 0.2036 0.2037 0.1981 0.1974 0.1973 
   Co13-2121  1 0.1910 0.1930 0.2056 0.2057 0.2047 
   Co13-2122  1 0.1885 0.1962 0.2047 0.2052 0.2054 
   Co13-2123  1 0.2008 0.1988 0.2001 0.1997 0.2005 
   Co13-2124  1 0.2196 0.2274 0.1846 0.1843 0.1841 
   Co13-2125  1 0.2095 0.2028 0.1955 0.1952 0.1971 
   Co13-2126  1 0.1998 0.2041 0.1984 0.1987 0.1989 
   Co13-2127  1 0.1979 0.1991 0.2004 0.2013 0.2013 
   Co13-2128  1 0.2021 0.2028 0.1981 0.1986 0.1983 
   Co13-2129  1 0.1858 0.1960 0.2071 0.2054 0.2057 
   Co13-2130  1 0.1910 0.1901 0.2056 0.2061 0.2072 
   Co13-2131  1 0.2056 0.2026 0.1976 0.1973 0.1969 
   Co13-2132  1 0.2061 0.2023 0.1980 0.1972 0.1964 
   Co13-2133  1 0.1972 0.1960 0.2018 0.2022 0.2028 
   Co13-2134  1 0.2045 0.2011 0.1998 0.1980 0.1966 
   Co13-2135  1 0.2017 0.2028 0.1977 0.1986 0.1992 
   Co13-2136  1 0.2130 0.2090 0.1932 0.1924 0.1924 
   Co13-2137  1 0.2192 0.2187 0.1876 0.1871 0.1875 
   Co13-2139  1 0.2068 0.2026 0.1974 0.1966 0.1965 
   Co13-2140  1 0.2142 0.2161 0.1890 0.1896 0.1911 
   Co13-2141  1 0.1782 0.1791 0.2143 0.2146 0.2138 
   Co13-2142  1 0.1962 0.1974 0.2030 0.2020 0.2014 
   Co13-2143  1 0.1967 0.1953 0.2029 0.2026 0.2023 
   Co13-2144  1 0.2096 0.2109 0.1929 0.1929 0.1936 
   Co13-2145  1 0.2019 0.2035 0.1974 0.1985 0.1988 
   Co13-2146  1 0.2143 0.2124 0.1911 0.1909 0.1912 
   Co13-2147  1 0.1834 0.1868 0.2120 0.2102 0.2076 
   Co13-2149  1 0.2051 0.2065 0.1958 0.1965 0.1961 
   Co13-2150  1 0.1894 0.1895 0.2074 0.2068 0.2068 
   Co13-2184  1 0.2123 0.2071 0.1933 0.1934 0.1939 
    Co13-Tg1  1 0.1847 0.1936 0.2063 0.2073 0.2081 
     Co17-01  1 0.2164 0.2041 0.1924 0.1930 0.1940 
     Co17-02  1 0.1828 0.1914 0.2099 0.2082 0.2078 
     Co17-03  1 0.2015 0.2012 0.1991 0.1986 0.1996 
     Co17-04  1 0.2140 0.2171 0.1895 0.1898 0.1895 
     Co17-05  1 0.1958 0.1966 0.2025 0.2024 0.2027 
     Co17-06  1 0.1966 0.1998 0.2002 0.2017 0.2017 
     Co17-07  1 0.2077 0.2033 0.1962 0.1962 0.1967 
     Co17-08  1 0.2023 0.2012 0.2003 0.1986 0.1976 
     Co17-09  1 0.1950 0.1886 0.2057 0.2049 0.2058 
     Co17-10  1 0.2106 0.2059 0.1944 0.1945 0.1946 
     Co17-11  1 0.1833 0.1837 0.2114 0.2113 0.2103 
     Co17-12  1 0.2072 0.2003 0.1967 0.1976 0.1982 
     Co17-13  1 0.2069 0.2043 0.1966 0.1958 0.1965 
     Co17-14  1 0.2172 0.2090 0.1908 0.1918 0.1912 
     Co17-15  1 0.2069 0.2038 0.1963 0.1963 0.1968 
     Co17-16  1 0.2008 0.2051 0.1982 0.1976 0.1983 
     Co17-17  1 0.2060 0.2049 0.1962 0.1971 0.1958 
     Co17-18  1 0.1973 0.2032 0.1989 0.2006 0.2001 
     Co17-19  1 0.2048 0.2103 0.1946 0.1952 0.1951 
     Co17-20  1 0.2004 0.1960 0.2015 0.2011 0.2010 
     Co17-21  1 0.2139 0.2071 0.1939 0.1926 0.1925 
     Co17-22  1 0.2170 0.2116 0.1902 0.1903 0.1910 
     Co17-23  1 0.2183 0.2154 0.1888 0.1887 0.1888 
     Co17-24  1 0.2209 0.2141 0.1893 0.1884 0.1874 
     Co17-25  1 0.1852 0.1921 0.2072 0.2072 0.2082 
     Co17-26  1 0.2056 0.2025 0.1994 0.1972 0.1954 
     Co17-27  1 0.2043 0.2122 0.1947 0.1946 0.1942 
     Co17-28  1 0.2075 0.2032 0.1958 0.1967 0.1967 
     Co17-29  1 0.2135 0.2116 0.1927 0.1915 0.1907 
     Co17-30  1 0.2014 0.2023 0.1978 0.1990 0.1995 
     Co17-31  1 0.2136 0.2038 0.1948 0.1945 0.1934 
     Co17-32  1 0.2054 0.2156 0.1928 0.1929 0.1933 
     Co17-34  1 0.2023 0.2021 0.1980 0.1987 0.1988 
     Co17-35  1 0.1961 0.2035 0.1996 0.2005 0.2002 
     Co17-36  1 0.2074 0.2017 0.1972 0.1971 0.1966 
     Co17-37  1 0.1991 0.1948 0.2019 0.2019 0.2023 
     Co17-38  1 0.2053 0.2043 0.1979 0.1967 0.1959 
     Co17-39  1 0.1817 0.1877 0.2099 0.2104 0.2104 
     Co17-40  1 0.2213 0.2224 0.1853 0.1853 0.1858 
     Co17-41  1 0.1991 0.2012 0.2001 0.1996 0.2001 
     Co17-43  1 0.2030 0.1986 0.1984 0.1999 0.2001 
     Co17-46  1 0.1920 0.1950 0.2037 0.2044 0.2050 
     Co17-47  1 0.2061 0.2102 0.1949 0.1941 0.1947 
     Co17-48  1 0.2037 0.2019 0.1976 0.1981 0.1987 
     Co17-49  1 0.1994 0.1977 0.2005 0.2016 0.2008 
     Co17-50  1 0.2007 0.2084 0.1968 0.1969 0.1972 
     Co17-51  1 0.2068 0.2019 0.1971 0.1971 0.1970 
     Co17-52  1 0.2241 0.2106 0.1878 0.1892 0.1883 
     Co17-53  1 0.2097 0.2121 0.1940 0.1923 0.1919 
     Co17-54  1 0.2120 0.2152 0.1907 0.1910 0.1910 
     Co17-55  1 0.1951 0.1950 0.2030 0.2030 0.2039 
     Co17-56  1 0.1755 0.1814 0.2157 0.2138 0.2135 
     Co17-57  1 0.1947 0.1951 0.2035 0.2035 0.2032 
     Co17-58  1 0.1968 0.1977 0.2029 0.2013 0.2013 
     Co17-60  1 0.1750 0.1796 0.2145 0.2152 0.2157 
     Co17-62  1 0.2128 0.2063 0.1932 0.1940 0.1937 
     Co17-65  1 0.1783 0.1834 0.2133 0.2130 0.2120 
     Co17-67  1 0.1992 0.1961 0.2022 0.2011 0.2015 
     Co17-68  1 0.1871 0.1912 0.2077 0.2067 0.2073 
     Co17-69  1 0.2149 0.2199 0.1882 0.1880 0.1889 
     Co17-70  1 0.1767 0.1823 0.2138 0.2137 0.2135 
     Co17-73  1 0.1823 0.1883 0.2091 0.2096 0.2107 
     Co17-74  1 0.2170 0.2161 0.1888 0.1888 0.1893 
     Co17-75  1 0.2052 0.2017 0.1971 0.1978 0.1982 
     Co17-76  1 0.2082 0.2078 0.1941 0.1951 0.1948 
     Co17-77  1 0.1896 0.1840 0.2078 0.2087 0.2099 
     Co17-78  1 0.1834 0.1777 0.2136 0.2130 0.2124 
     Co17-79  1 0.1994 0.2090 0.1974 0.1974 0.1969 
     Co17-80  1 0.1756 0.1800 0.2138 0.2146 0.2160 
     Co17-82  1 0.2043 0.2015 0.1983 0.1984 0.1973 
