   Co09-CO13  1 0.2625 0.2473 0.2631 0.2271 
   Co09-SC01  1 0.2653 0.2468 0.2652 0.2227 
   Co09-SC02  1 0.2643 0.2421 0.2634 0.2302 
   Co09-SC03  1 0.2513 0.2502 0.2523 0.2462 
   Co09-SC04  1 0.2466 0.2581 0.2480 0.2472 
   Co09-SC05  1 0.2293 0.2596 0.2299 0.2812 
   Co09-SC06  1 0.2607 0.2448 0.2598 0.2346 
   Co09-SC07  1 0.2238 0.2535 0.2236 0.2990 
   Co09-SC08  1 0.2444 0.2504 0.2411 0.2640 
   Co09-SC10  1 0.2549 0.2375 0.2554 0.2522 
   Co09-SC11  1 0.2730 0.2372 0.2746 0.2152 
   Co09-SC12  1 0.2512 0.2485 0.2515 0.2488 
   Co09-SC14  1 0.2454 0.2556 0.2457 0.2532 
   Co09-SC15  1 0.2345 0.2594 0.2359 0.2702 
   Co09-SC16  1 0.2762 0.2283 0.2762 0.2192 
   Co09-SC18  1 0.2512 0.2534 0.2504 0.2450 
   Co09-SC19  1 0.2585 0.2371 0.2592 0.2452 
   Co09-SC20  1 0.2598 0.2439 0.2570 0.2393 
   Co09-SC21  1 0.2649 0.2475 0.2647 0.2229 
   Co09-SC23  1 0.2490 0.2424 0.2482 0.2604 
   Co09-SC24  1 0.2385 0.2598 0.2389 0.2628 
   Co09-SC25  1 0.2461 0.2546 0.2463 0.2530 
   Co09-SC27  1 0.2800 0.2367 0.2750 0.2084 
   Co09-SC28  1 0.2614 0.2416 0.2611 0.2359 
   Co09-SC29  1 0.2656 0.2457 0.2658 0.2230 
   Co09-SC30  1 0.2229 0.2684 0.2237 0.2849 
   Co09-SC31  1 0.2568 0.2421 0.2560 0.2451 
   Co09-SF05  1 0.2526 0.2552 0.2524 0.2398 
   Co09-SF08  1 0.2505 0.2436 0.2472 0.2587 
   Co09-SF12  1 0.2554 0.2413 0.2545 0.2488 
   Co09-SF13  1 0.2559 0.2418 0.2578 0.2445 
   Co09-SF15  1 0.2474 0.2518 0.2453 0.2556 
   Co09-SF16  1 0.2624 0.2390 0.2605 0.2381 
   Co09-SF20  1 0.2602 0.2451 0.2598 0.2348 
   Co09-SF21  1 0.2308 0.2603 0.2301 0.2787 
   Co09-SF22  1 0.2745 0.2303 0.2740 0.2212 
   Co09-SF24  1 0.2258 0.2665 0.2264 0.2813 
   Co09-SF25  1 0.2262 0.2633 0.2273 0.2832 
   Co09-SF27  1 0.2360 0.2551 0.2366 0.2723 
   Co09-SF28  1 0.2379 0.2577 0.2390 0.2655 
   Co09-SF29  1 0.2484 0.2489 0.2463 0.2564 
   Co09-SF30  1 0.2412 0.2530 0.2394 0.2664 
  Co09-SF301  1 0.2547 0.2518 0.2549 0.2386 
  Co09-SF302  1 0.2472 0.2574 0.2485 0.2469 
  Co09-SF303  1 0.2453 0.2572 0.2461 0.2514 
  Co09-SF304  1 0.2478 0.2514 0.2479 0.2530 
  Co09-SF307  1 0.2331 0.2643 0.2343 0.2683 
  Co09-SF308  1 0.2536 0.2467 0.2533 0.2463 
  Co09-SF309  1 0.2651 0.2358 0.2619 0.2372 
  Co09-SF310  1 0.2572 0.2428 0.2571 0.2430 
  Co09-SF311  1 0.2562 0.2394 0.2545 0.2499 
  Co09-SF324  1 0.2565 0.2449 0.2563 0.2423 
  Co09-SF328  1 0.2424 0.2531 0.2426 0.2618 
  Co09-SF331  1 0.2604 0.2399 0.2604 0.2394 
  Co09-SF335  1 0.2703 0.2439 0.2669 0.2189 
  Co09-SF341  1 0.2753 0.2250 0.2708 0.2288 
  Co09-SF349  1 0.2577 0.2430 0.2575 0.2418 
   Co10-SF50  1 0.2465 0.2575 0.2475 0.2485 
   Co13-2082  1 0.2274 0.2648 0.2267 0.2811 
   Co13-2084  1 0.2296 0.2576 0.2315 0.2812 
   Co13-2085  1 0.2692 0.2389 0.2701 0.2218 
   Co13-2086  1 0.2372 0.2598 0.2357 0.2673 
   Co13-2087  1 0.2502 0.2518 0.2494 0.2486 
   Co13-2092  1 0.2486 0.2516 0.2494 0.2504 
   Co13-2093  1 0.2304 0.2575 0.2294 0.2827 
   Co13-2097  1 0.2693 0.2401 0.2689 0.2217 
   Co13-2098  1 0.2511 0.2598 0.2524 0.2368 
   Co13-2099  1 0.2432 0.2641 0.2438 0.2489 
   Co13-2100  1 0.2472 0.2480 0.2460 0.2587 
   Co13-2101  1 0.2721 0.2366 0.2713 0.2200 
   Co13-2102  1 0.2432 0.2547 0.2439 0.2582 
   Co13-2103  1 0.2510 0.2507 0.2503 0.2480 
   Co13-2104  1 0.2240 0.2627 0.2245 0.2888 
   Co13-2105  1 0.2551 0.2521 0.2548 0.2380 
   Co13-2106  1 0.2352 0.2565 0.2355 0.2728 
   Co13-2107  1 0.2550 0.2527 0.2549 0.2374 
   Co13-2108  1 0.2380 0.2550 0.2376 0.2694 
   Co13-2109  1 0.2411 0.2691 0.2422 0.2476 
   Co13-2110  1 0.2612 0.2472 0.2601 0.2316 
   Co13-2111  1 0.2492 0.2559 0.2507 0.2441 
   Co13-2112  1 0.2539 0.2444 0.2539 0.2477 
   Co13-2114  1 0.2458 0.2588 0.2470 0.2483 
   Co13-2115  1 0.2469 0.2528 0.2463 0.2540 
   Co13-2116  1 0.2710 0.2407 0.2695 0.2189 
   Co13-2117  1 0.2648 0.2414 0.2638 0.2300 
   Co13-2119  1 0.2759 0.2342 0.2751 0.2149 
   Co13-2120  1 0.2469 0.2462 0.2464 0.2605 
   Co13-2121  1 0.2604 0.2358 0.2590 0.2448 
   Co13-2122  1 0.2612 0.2406 0.2617 0.2365 
   Co13-2123  1 0.2470 0.2517 0.2470 0.2542 
   Co13-2124  1 0.2234 0.2652 0.2235 0.2879 
   Co13-2125  1 0.2456 0.2506 0.2466 0.2572 
   Co13-2126  1 0.2504 0.2528 0.2513 0.2455 
   Co13-2127  1 0.2476 0.2622 0.2483 0.2419 
   Co13-2128  1 0.2463 0.2503 0.2476 0.2557 
   Co13-2129  1 0.2590 0.2507 0.2578 0.2325 
   Co13-2130  1 0.2627 0.2385 0.2614 0.2374 
   Co13-2131  1 0.2458 0.2521 0.2444 0.2578 
   Co13-2132  1 0.2467 0.2501 0.2455 0.2577 
   Co13-2133  1 0.2543 0.2499 0.2546 0.2412 
   Co13-2134  1 0.2499 0.2468 0.2475 0.2558 
   Co13-2135  1 0.2448 0.2616 0.2453 0.2483 
   Co13-2136  1 0.2385 0.2486 0.2384 0.2746 
   Co13-2137  1 0.2331 0.2583 0.2327 0.2758 
   Co13-2139  1 0.2426 0.2495 0.2429 0.2649 
   Co13-2140  1 0.2329 0.2732 0.2337 0.2603 
   Co13-2141  1 0.2750 0.2336 0.2750 0.2164 
   Co13-2142  1 0.2528 0.2412 0.2516 0.2544 
   Co13-2143  1 0.2585 0.2386 0.2583 0.2446 
   Co13-2144  1 0.2360 0.2517 0.2369 0.2754 
   Co13-2145  1 0.2466 0.2489 0.2476 0.2569 
   Co13-2146  1 0.2358 0.2546 0.2356 0.2740 
   Co13-2147  1 0.2728 0.2332 0.2702 0.2237 
   Co13-2149  1 0.2417 0.2497 0.2422 0.2665 
   Co13-2150  1 0.2605 0.2477 0.2607 0.2311 
   Co13-2184  1 0.2385 0.2543 0.2386 0.2687 
    Co13-Tg1  1 0.2610 0.2473 0.2609 0.2308 
     Co17-01  1 0.2386 0.2589 0.2391 0.2635 
     Co17-02  1 0.2643 0.2442 0.2641 0.2273 
     Co17-03  1 0.2516 0.2455 0.2516 0.2513 
     Co17-04  1 0.2343 0.2544 0.2353 0.2760 
     Co17-05  1 0.2551 0.2416 0.2558 0.2474 
     Co17-06  1 0.2511 0.2513 0.2525 0.2451 
     Co17-07  1 0.2419 0.2568 0.2422 0.2591 
     Co17-08  1 0.2488 0.2443 0.2470 0.2599 
     Co17-09  1 0.2611 0.2377 0.2613 0.2398 
     Co17-10  1 0.2415 0.2518 0.2413 0.2654 
     Co17-11  1 0.2699 0.2393 0.2704 0.2203 
     Co17-12  1 0.2448 0.2545 0.2457 0.2551 
     Co17-13  1 0.2453 0.2519 0.2454 0.2574 
     Co17-14  1 0.2345 0.2594 0.2341 0.2720 
     Co17-15  1 0.2460 0.2447 0.2460 0.2633 
     Co17-16  1 0.2480 0.2567 0.2474 0.2479 
     Co17-17  1 0.2483 0.2449 0.2472 0.2595 
     Co17-18  1 0.2500 0.2459 0.2514 0.2527 
     Co17-19  1 0.2401 0.2645 0.2398 0.2556 
     Co17-20  1 0.2521 0.2449 0.2529 0.2501 
     Co17-21  1 0.2398 0.2528 0.2388 0.2686 
     Co17-22  1 0.2352 0.2529 0.2358 0.2762 
     Co17-23  1 0.2318 0.2568 0.2323 0.2790 
     Co17-24  1 0.2339 0.2496 0.2330 0.2835 
     Co17-25  1 0.2614 0.2455 0.2617 0.2314 
     Co17-26  1 0.2509 0.2424 0.2474 0.2594 
     Co17-27  1 0.2429 0.2547 0.2423 0.2600 
     Co17-28  1 0.2434 0.2580 0.2434 0.2551 
     Co17-29  1 0.2424 0.2505 0.2401 0.2669 
     Co17-30  1 0.2432 0.2557 0.2445 0.2565 
     Co17-31  1 0.2443 0.2535 0.2435 0.2588 
     Co17-32  1 0.2352 0.2684 0.2358 0.2606 
     Co17-34  1 0.2457 0.2533 0.2468 0.2542 
     Co17-35  1 0.2501 0.2517 0.2504 0.2478 
     Co17-36  1 0.2437 0.2458 0.2442 0.2663 
     Co17-37  1 0.2542 0.2514 0.2548 0.2396 
     Co17-38  1 0.2474 0.2569 0.2451 0.2506 
     Co17-39  1 0.2662 0.2425 0.2662 0.2251 
     Co17-40  1 0.2270 0.2583 0.2266 0.2881 
     Co17-41  1 0.2477 0.2573 0.2483 0.2468 
     Co17-43  1 0.2460 0.2520 0.2475 0.2545 
     Co17-46  1 0.2526 0.2507 0.2520 0.2448 
     Co17-47  1 0.2418 0.2496 0.2421 0.2665 
     Co17-48  1 0.2428 0.2574 0.2433 0.2564 
     Co17-49  1 0.2533 0.2418 0.2531 0.2517 
     Co17-50  1 0.2419 0.2648 0.2421 0.2511 
     Co17-51  1 0.2454 0.2518 0.2459 0.2569 
     Co17-52  1 0.2309 0.2614 0.2318 0.2759 
     Co17-53  1 0.2397 0.2502 0.2395 0.2706 
     Co17-54  1 0.2318 0.2733 0.2329 0.2621 
     Co17-55  1 0.2557 0.2539 0.2553 0.2351 
     Co17-56  1 0.2786 0.2304 0.2792 0.2119 
     Co17-57  1 0.2557 0.2477 0.2539 0.2427 
     Co17-58  1 0.2553 0.2410 0.2544 0.2494 
     Co17-60  1 0.2755 0.2394 0.2759 0.2092 
     Co17-62  1 0.2411 0.2606 0.2411 0.2572 
     Co17-65  1 0.2742 0.2341 0.2746 0.2171 
     Co17-67  1 0.2534 0.2522 0.2525 0.2419 
     Co17-68  1 0.2637 0.2378 0.2646 0.2339 
     Co17-69  1 0.2295 0.2634 0.2300 0.2771 
     Co17-70  1 0.2729 0.2370 0.2736 0.2165 
     Co17-73  1 0.2597 0.2559 0.2603 0.2241 
     Co17-74  1 0.2329 0.2519 0.2334 0.2818 
     Co17-75  1 0.2453 0.2493 0.2456 0.2599 
     Co17-76  1 0.2402 0.2573 0.2402 0.2623 
     Co17-77  1 0.2646 0.2433 0.2645 0.2276 
     Co17-78  1 0.2723 0.2302 0.2725 0.2250 
     Co17-79  1 0.2470 0.2590 0.2457 0.2483 
     Co17-80  1 0.2750 0.2378 0.2753 0.2119 
     Co17-82  1 0.2475 0.2506 0.2480 0.2539 
