   Co09-CO13  1 0.2001 0.2035 0.1959 0.2029 0.1976 
   Co09-SC01  1 0.2031 0.2004 0.2012 0.1996 0.1958 
   Co09-SC02  1 0.1956 0.2113 0.1936 0.2098 0.1897 
   Co09-SC03  1 0.1981 0.2019 0.1970 0.2024 0.2006 
   Co09-SC04  1 0.2041 0.1904 0.2073 0.1924 0.2058 
   Co09-SC05  1 0.2107 0.1858 0.2060 0.1880 0.2095 
   Co09-SC06  1 0.1972 0.2045 0.1992 0.2056 0.1935 
   Co09-SC07  1 0.2054 0.1813 0.2119 0.1836 0.2178 
   Co09-SC08  1 0.1988 0.1953 0.2058 0.1935 0.2067 
   Co09-SC10  1 0.1959 0.2031 0.1965 0.2037 0.2008 
   Co09-SC11  1 0.1979 0.2116 0.1938 0.2083 0.1885 
   Co09-SC12  1 0.2002 0.1970 0.2005 0.1968 0.2054 
   Co09-SC14  1 0.1990 0.2010 0.2019 0.2010 0.1970 
   Co09-SC15  1 0.2041 0.1834 0.2098 0.1860 0.2166 
   Co09-SC16  1 0.1918 0.2160 0.1888 0.2133 0.1901 
   Co09-SC18  1 0.2051 0.1922 0.2079 0.1926 0.2022 
   Co09-SC19  1 0.1940 0.2114 0.1918 0.2078 0.1949 
   Co09-SC20  1 0.1989 0.2034 0.1971 0.2050 0.1956 
   Co09-SC21  1 0.2031 0.1986 0.2014 0.2004 0.1965 
   Co09-SC23  1 0.1951 0.2064 0.1958 0.2052 0.1975 
   Co09-SC24  1 0.2020 0.1995 0.1992 0.2003 0.1990 
   Co09-SC25  1 0.1998 0.1988 0.2013 0.1996 0.2006 
   Co09-SC27  1 0.1953 0.2118 0.1924 0.2109 0.1896 
   Co09-SC28  1 0.1955 0.2077 0.1961 0.2065 0.1943 
   Co09-SC29  1 0.1931 0.2148 0.1908 0.2135 0.1878 
   Co09-SC30  1 0.2036 0.1835 0.2114 0.1852 0.2163 
   Co09-SC31  1 0.1971 0.2049 0.1957 0.2035 0.1989 
   Co09-SF05  1 0.1996 0.1986 0.1999 0.1989 0.2031 
   Co09-SF08  1 0.1904 0.2143 0.1929 0.2080 0.1944 
   Co09-SF12  1 0.1984 0.1970 0.1998 0.1974 0.2074 
   Co09-SF13  1 0.2027 0.2013 0.2024 0.2012 0.1924 
   Co09-SF15  1 0.1980 0.2022 0.1961 0.1990 0.2046 
   Co09-SF16  1 0.1995 0.1979 0.1997 0.1971 0.2058 
   Co09-SF20  1 0.1988 0.2002 0.1988 0.2000 0.2023 
   Co09-SF21  1 0.2021 0.2011 0.2009 0.2009 0.1949 
   Co09-SF22  1 0.1920 0.2164 0.1907 0.2146 0.1863 
   Co09-SF24  1 0.2000 0.1910 0.2043 0.1924 0.2123 
   Co09-SF25  1 0.2092 0.1891 0.2102 0.1899 0.2016 
   Co09-SF27  1 0.2052 0.1883 0.2107 0.1907 0.2051 
   Co09-SF28  1 0.2007 0.1938 0.2053 0.1947 0.2055 
   Co09-SF29  1 0.2042 0.1935 0.2032 0.1946 0.2045 
   Co09-SF30  1 0.2038 0.2033 0.1999 0.2012 0.1918 
  Co09-SF301  1 0.2019 0.1967 0.2018 0.1973 0.2022 
  Co09-SF302  1 0.2041 0.1994 0.2006 0.2003 0.1956 
  Co09-SF303  1 0.2073 0.1934 0.2038 0.1962 0.1993 
  Co09-SF304  1 0.2072 0.1980 0.2027 0.1976 0.1945 
  Co09-SF307  1 0.2012 0.1894 0.2089 0.1906 0.2099 
  Co09-SF308  1 0.1982 0.2084 0.1945 0.2067 0.1922 
  Co09-SF309  1 0.1900 0.2136 0.1916 0.2093 0.1954 
  Co09-SF310  1 0.2099 0.1944 0.2026 0.1963 0.1968 
  Co09-SF311  1 0.2006 0.1989 0.2055 0.1973 0.1978 
  Co09-SF324  1 0.1994 0.1990 0.2012 0.1995 0.2010 
  Co09-SF328  1 0.2039 0.1903 0.2041 0.1905 0.2112 
  Co09-SF331  1 0.1958 0.2143 0.1908 0.2110 0.1880 
  Co09-SF335  1 0.1931 0.2110 0.1947 0.2106 0.1906 
  Co09-SF341  1 0.1878 0.2212 0.1881 0.2129 0.1900 
  Co09-SF349  1 0.2097 0.1896 0.2099 0.1912 0.1996 
   Co10-SF50  1 0.2021 0.1931 0.2052 0.1958 0.2038 
   Co13-2082  1 0.2069 0.1906 0.2037 0.1928 0.2059 
   Co13-2084  1 0.2050 0.1920 0.2086 0.1932 0.2012 
   Co13-2085  1 0.1945 0.2091 0.1923 0.2093 0.1948 
   Co13-2086  1 0.1996 0.1967 0.2017 0.1937 0.2083 
   Co13-2087  1 0.1973 0.1992 0.2043 0.1999 0.1992 
   Co13-2092  1 0.2041 0.1977 0.2031 0.1973 0.1978 
   Co13-2093  1 0.1988 0.1976 0.1988 0.1979 0.2068 
   Co13-2097  1 0.1985 0.2045 0.2008 0.2035 0.1927 
   Co13-2098  1 0.1987 0.1964 0.2001 0.1982 0.2066 
   Co13-2099  1 0.2011 0.1932 0.2020 0.1941 0.2095 
   Co13-2100  1 0.1932 0.2087 0.1937 0.2032 0.2013 
   Co13-2101  1 0.1927 0.2119 0.1950 0.2090 0.1914 
   Co13-2102  1 0.2071 0.1810 0.2078 0.1827 0.2215 
   Co13-2103  1 0.2092 0.1910 0.2053 0.1925 0.2020 
   Co13-2104  1 0.1979 0.1928 0.2052 0.1919 0.2122 
   Co13-2105  1 0.1981 0.2023 0.1990 0.2027 0.1978 
   Co13-2106  1 0.1984 0.2023 0.1976 0.2032 0.1984 
   Co13-2107  1 0.2028 0.1927 0.1993 0.1939 0.2112 
   Co13-2108  1 0.2069 0.1901 0.2082 0.1913 0.2034 
   Co13-2109  1 0.2012 0.1968 0.2001 0.1985 0.2033 
   Co13-2110  1 0.2007 0.1979 0.2033 0.1995 0.1986 
   Co13-2111  1 0.2008 0.1980 0.2002 0.1986 0.2024 
   Co13-2112  1 0.1999 0.1957 0.2006 0.1954 0.2083 
   Co13-2114  1 0.2005 0.1965 0.2056 0.1983 0.1991 
   Co13-2115  1 0.2054 0.1913 0.2046 0.1929 0.2057 
   Co13-2116  1 0.1945 0.2121 0.1912 0.2082 0.1940 
   Co13-2117  1 0.1928 0.2143 0.1901 0.2099 0.1929 
   Co13-2119  1 0.1974 0.2067 0.1945 0.2057 0.1957 
   Co13-2120  1 0.1978 0.2066 0.1945 0.2062 0.1949 
   Co13-2121  1 0.2039 0.1973 0.2020 0.1972 0.1996 
   Co13-2122  1 0.2003 0.2050 0.1965 0.2034 0.1948 
   Co13-2123  1 0.2041 0.1901 0.2079 0.1921 0.2059 
   Co13-2124  1 0.2082 0.1896 0.2072 0.1907 0.2043 
   Co13-2125  1 0.2067 0.1880 0.2104 0.1896 0.2053 
   Co13-2126  1 0.1990 0.2008 0.2011 0.2012 0.1979 
   Co13-2127  1 0.2054 0.1911 0.2035 0.1935 0.2065 
   Co13-2128  1 0.2051 0.1902 0.2045 0.1916 0.2085 
   Co13-2129  1 0.1961 0.2085 0.1934 0.2064 0.1956 
   Co13-2130  1 0.1969 0.2080 0.1966 0.2077 0.1909 
   Co13-2131  1 0.2080 0.1889 0.2089 0.1904 0.2038 
   Co13-2132  1 0.1978 0.1957 0.1977 0.1951 0.2137 
   Co13-2133  1 0.2008 0.2057 0.1984 0.2061 0.1889 
   Co13-2134  1 0.1997 0.1995 0.2003 0.1990 0.2015 
   Co13-2135  1 0.2045 0.1892 0.2061 0.1915 0.2086 
   Co13-2136  1 0.1994 0.1941 0.2021 0.1944 0.2100 
   Co13-2137  1 0.2059 0.1940 0.2045 0.1945 0.2011 
   Co13-2139  1 0.2001 0.1963 0.2007 0.1960 0.2068 
   Co13-2140  1 0.2019 0.1888 0.2116 0.1903 0.2075 
   Co13-2141  1 0.1899 0.2232 0.1853 0.2195 0.1821 
   Co13-2142  1 0.2039 0.2008 0.1974 0.2007 0.1973 
   Co13-2143  1 0.1999 0.2106 0.1971 0.2070 0.1853 
   Co13-2144  1 0.2039 0.1926 0.2046 0.1932 0.2057 
   Co13-2145  1 0.2017 0.1997 0.2005 0.2002 0.1980 
   Co13-2146  1 0.2005 0.1991 0.1983 0.1987 0.2033 
   Co13-2147  1 0.1894 0.2132 0.1924 0.2086 0.1965 
   Co13-2149  1 0.2012 0.1949 0.1984 0.1948 0.2107 
   Co13-2150  1 0.1961 0.2098 0.1948 0.2095 0.1898 
   Co13-2184  1 0.2081 0.1868 0.2079 0.1896 0.2076 
    Co13-Tg1  1 0.1988 0.2034 0.1967 0.2033 0.1979 
     Co17-01  1 0.1992 0.2034 0.2011 0.2034 0.1928 
     Co17-02  1 0.1997 0.2100 0.1915 0.2086 0.1901 
     Co17-03  1 0.1939 0.2119 0.1913 0.2094 0.1934 
     Co17-04  1 0.2016 0.1981 0.1960 0.1972 0.2071 
     Co17-05  1 0.2002 0.2029 0.1949 0.2023 0.1998 
     Co17-06  1 0.1935 0.2104 0.1919 0.2114 0.1929 
     Co17-07  1 0.2008 0.1982 0.2002 0.1972 0.2037 
     Co17-08  1 0.1895 0.2195 0.1860 0.2151 0.1899 
     Co17-09  1 0.2005 0.1983 0.2024 0.1983 0.2006 
     Co17-10  1 0.2027 0.2000 0.2017 0.2006 0.1951 
     Co17-11  1 0.1955 0.2100 0.1930 0.2078 0.1937 
     Co17-12  1 0.2016 0.1845 0.2092 0.1861 0.2187 
     Co17-13  1 0.1981 0.2014 0.2010 0.2013 0.1982 
     Co17-14  1 0.2006 0.1893 0.2037 0.1911 0.2153 
     Co17-15  1 0.1968 0.2062 0.1941 0.2054 0.1975 
     Co17-16  1 0.1986 0.2003 0.1982 0.2007 0.2023 
     Co17-17  1 0.1960 0.2028 0.1972 0.2034 0.2006 
     Co17-18  1 0.2010 0.2017 0.1971 0.2022 0.1980 
     Co17-19  1 0.2017 0.1957 0.2001 0.1964 0.2061 
     Co17-20  1 0.1965 0.2026 0.2001 0.2011 0.1997 
     Co17-21  1 0.2001 0.1985 0.2020 0.1990 0.2004 
     Co17-22  1 0.1975 0.2029 0.1975 0.2013 0.2008 
     Co17-23  1 0.2065 0.1889 0.2029 0.1909 0.2108 
     Co17-24  1 0.1981 0.2046 0.1942 0.2016 0.2015 
     Co17-25  1 0.2009 0.2051 0.1961 0.2032 0.1946 
     Co17-26  1 0.1995 0.2093 0.1964 0.2055 0.1893 
     Co17-27  1 0.1970 0.2043 0.1953 0.2028 0.2005 
     Co17-28  1 0.2021 0.1874 0.2089 0.1890 0.2127 
     Co17-29  1 0.1999 0.2042 0.1993 0.2031 0.1935 
     Co17-30  1 0.2055 0.1915 0.2041 0.1939 0.2051 
     Co17-31  1 0.2029 0.1966 0.2081 0.1966 0.1958 
     Co17-32  1 0.2054 0.1887 0.2040 0.1889 0.2130 
     Co17-34  1 0.2013 0.1985 0.1992 0.1991 0.2020 
     Co17-35  1 0.2058 0.1927 0.2019 0.1937 0.2060 
     Co17-36  1 0.2089 0.1823 0.2126 0.1843 0.2119 
     Co17-37  1 0.1983 0.2033 0.1994 0.2039 0.1951 
     Co17-38  1 0.2002 0.1961 0.2068 0.1960 0.2009 
     Co17-39  1 0.1980 0.2031 0.2001 0.2023 0.1965 
     Co17-40  1 0.2054 0.1842 0.2098 0.1851 0.2155 
     Co17-41  1 0.2046 0.1932 0.2026 0.1949 0.2047 
     Co17-43  1 0.2029 0.1960 0.2046 0.1959 0.2007 
     Co17-46  1 0.2015 0.1990 0.1974 0.2002 0.2019 
     Co17-47  1 0.2032 0.1947 0.1996 0.1966 0.2059 
     Co17-48  1 0.1998 0.1958 0.2015 0.1985 0.2045 
     Co17-49  1 0.1937 0.2071 0.1939 0.2057 0.1995 
     Co17-50  1 0.2029 0.1908 0.2068 0.1921 0.2073 
     Co17-51  1 0.1935 0.2104 0.1933 0.2098 0.1930 
     Co17-52  1 0.2030 0.1939 0.2085 0.1940 0.2005 
     Co17-53  1 0.2006 0.2042 0.1973 0.2028 0.1951 
     Co17-54  1 0.1989 0.1938 0.2031 0.1950 0.2091 
     Co17-55  1 0.1971 0.2024 0.2045 0.2028 0.1932 
     Co17-56  1 0.1966 0.2101 0.1978 0.2070 0.1885 
     Co17-57  1 0.2034 0.1991 0.2054 0.1996 0.1925 
     Co17-58  1 0.2079 0.1896 0.2043 0.1909 0.2073 
     Co17-60  1 0.1949 0.2093 0.1957 0.2092 0.1909 
     Co17-62  1 0.1977 0.2040 0.2002 0.2030 0.1950 
     Co17-65  1 0.1954 0.2138 0.1920 0.2127 0.1861 
     Co17-67  1 0.2018 0.1941 0.2007 0.1954 0.2079 
     Co17-68  1 0.2009 0.1967 0.2011 0.1993 0.2020 
     Co17-69  1 0.2056 0.1893 0.2089 0.1914 0.2048 
     Co17-70  1 0.1981 0.2050 0.1991 0.2050 0.1929 
     Co17-73  1 0.1967 0.2032 0.1963 0.2045 0.1993 
     Co17-74  1 0.2044 0.1967 0.2031 0.1961 0.1997 
     Co17-75  1 0.2046 0.1963 0.2032 0.1969 0.1989 
     Co17-76  1 0.2012 0.1925 0.2045 0.1930 0.2087 
     Co17-77  1 0.2014 0.1939 0.2095 0.1958 0.1995 
     Co17-78  1 0.1877 0.2239 0.1860 0.2197 0.1827 
     Co17-79  1 0.1967 0.2043 0.1995 0.2040 0.1955 
     Co17-80  1 0.1882 0.2200 0.1869 0.2176 0.1873 
     Co17-82  1 0.1970 0.2047 0.1993 0.2032 0.1958 
