   Co09-CO13  1 0.3411 0.3364 0.3225 
   Co09-SC01  1 0.3371 0.3413 0.3215 
   Co09-SC02  1 0.3633 0.3547 0.2820 
   Co09-SC03  1 0.3302 0.3300 0.3398 
   Co09-SC04  1 0.3261 0.3348 0.3391 
   Co09-SC05  1 0.3046 0.3163 0.3790 
   Co09-SC06  1 0.3482 0.3482 0.3037 
   Co09-SC07  1 0.2823 0.2938 0.4238 
   Co09-SC08  1 0.3120 0.3120 0.3760 
   Co09-SC10  1 0.3276 0.3226 0.3498 
   Co09-SC11  1 0.3583 0.3505 0.2912 
   Co09-SC12  1 0.3240 0.3248 0.3512 
   Co09-SC14  1 0.3378 0.3364 0.3257 
   Co09-SC15  1 0.2991 0.3109 0.3900 
   Co09-SC16  1 0.3607 0.3485 0.2909 
   Co09-SC18  1 0.3215 0.3255 0.3529 
   Co09-SC19  1 0.3486 0.3410 0.3104 
   Co09-SC20  1 0.3415 0.3409 0.3176 
   Co09-SC21  1 0.3366 0.3420 0.3214 
   Co09-SC23  1 0.3442 0.3382 0.3176 
   Co09-SC24  1 0.3263 0.3261 0.3476 
   Co09-SC25  1 0.3350 0.3341 0.3309 
   Co09-SC27  1 0.3629 0.3567 0.2804 
   Co09-SC28  1 0.3386 0.3287 0.3327 
   Co09-SC29  1 0.3619 0.3499 0.2882 
   Co09-SC30  1 0.3024 0.3148 0.3827 
   Co09-SC31  1 0.3376 0.3311 0.3313 
   Co09-SF05  1 0.3323 0.3347 0.3330 
   Co09-SF08  1 0.3513 0.3389 0.3098 
   Co09-SF12  1 0.3231 0.3247 0.3522 
   Co09-SF13  1 0.3445 0.3464 0.3092 
   Co09-SF15  1 0.3246 0.3190 0.3564 
   Co09-SF16  1 0.3221 0.3228 0.3550 
   Co09-SF20  1 0.3306 0.3297 0.3398 
   Co09-SF21  1 0.3336 0.3325 0.3339 
   Co09-SF22  1 0.3600 0.3483 0.2917 
   Co09-SF24  1 0.3151 0.3212 0.3637 
   Co09-SF25  1 0.3134 0.3238 0.3628 
   Co09-SF27  1 0.3231 0.3339 0.3430 
   Co09-SF28  1 0.3186 0.3244 0.3571 
   Co09-SF29  1 0.3206 0.3271 0.3523 
   Co09-SF30  1 0.3408 0.3373 0.3219 
  Co09-SF301  1 0.3347 0.3408 0.3245 
  Co09-SF302  1 0.3364 0.3361 0.3276 
  Co09-SF303  1 0.3397 0.3464 0.3139 
  Co09-SF304  1 0.3400 0.3443 0.3157 
  Co09-SF307  1 0.3175 0.3287 0.3538 
  Co09-SF308  1 0.3462 0.3395 0.3143 
  Co09-SF309  1 0.3455 0.3341 0.3204 
  Co09-SF310  1 0.3332 0.3373 0.3295 
  Co09-SF311  1 0.3286 0.3280 0.3434 
  Co09-SF324  1 0.3346 0.3382 0.3272 
  Co09-SF328  1 0.3008 0.3095 0.3897 
  Co09-SF331  1 0.3605 0.3492 0.2903 
  Co09-SF335  1 0.3609 0.3542 0.2849 
  Co09-SF341  1 0.3478 0.3271 0.3251 
  Co09-SF349  1 0.3269 0.3362 0.3369 
   Co10-SF50  1 0.3251 0.3312 0.3437 
   Co13-2082  1 0.3190 0.3261 0.3549 
   Co13-2084  1 0.3212 0.3278 0.3510 
   Co13-2085  1 0.3484 0.3439 0.3077 
   Co13-2086  1 0.3084 0.3123 0.3793 
   Co13-2087  1 0.3435 0.3454 0.3111 
   Co13-2092  1 0.3324 0.3369 0.3307 
   Co13-2093  1 0.3250 0.3245 0.3505 
   Co13-2097  1 0.3508 0.3445 0.3047 
   Co13-2098  1 0.3309 0.3353 0.3338 
   Co13-2099  1 0.3174 0.3217 0.3609 
   Co13-2100  1 0.3305 0.3211 0.3484 
   Co13-2101  1 0.3502 0.3402 0.3096 
   Co13-2102  1 0.2905 0.3052 0.4043 
   Co13-2103  1 0.3230 0.3295 0.3475 
   Co13-2104  1 0.3094 0.3131 0.3775 
   Co13-2105  1 0.3348 0.3351 0.3300 
   Co13-2106  1 0.3459 0.3459 0.3082 
   Co13-2107  1 0.3104 0.3140 0.3756 
   Co13-2108  1 0.3205 0.3271 0.3525 
   Co13-2109  1 0.3310 0.3334 0.3356 
   Co13-2110  1 0.3354 0.3357 0.3289 
   Co13-2111  1 0.3258 0.3302 0.3439 
   Co13-2112  1 0.3102 0.3126 0.3772 
   Co13-2114  1 0.3403 0.3433 0.3164 
   Co13-2115  1 0.3214 0.3278 0.3508 
   Co13-2116  1 0.3519 0.3425 0.3056 
   Co13-2117  1 0.3503 0.3385 0.3111 
   Co13-2119  1 0.3496 0.3417 0.3087 
   Co13-2120  1 0.3497 0.3437 0.3066 
   Co13-2121  1 0.3340 0.3363 0.3298 
   Co13-2122  1 0.3417 0.3376 0.3208 
   Co13-2123  1 0.3091 0.3145 0.3764 
   Co13-2124  1 0.3123 0.3197 0.3680 
   Co13-2125  1 0.3187 0.3272 0.3541 
   Co13-2126  1 0.3485 0.3525 0.2990 
   Co13-2127  1 0.3236 0.3312 0.3452 
   Co13-2128  1 0.3093 0.3193 0.3714 
   Co13-2129  1 0.3403 0.3346 0.3251 
   Co13-2130  1 0.3571 0.3539 0.2889 
   Co13-2131  1 0.3154 0.3263 0.3584 
   Co13-2132  1 0.3146 0.3154 0.3699 
   Co13-2133  1 0.3604 0.3574 0.2822 
   Co13-2134  1 0.3326 0.3317 0.3357 
   Co13-2135  1 0.3176 0.3259 0.3565 
   Co13-2136  1 0.3126 0.3125 0.3749 
   Co13-2137  1 0.3257 0.3316 0.3427 
   Co13-2139  1 0.3164 0.3202 0.3634 
   Co13-2140  1 0.3197 0.3300 0.3503 
   Co13-2141  1 0.3701 0.3525 0.2775 
   Co13-2142  1 0.3236 0.3235 0.3529 
   Co13-2143  1 0.3633 0.3540 0.2827 
   Co13-2144  1 0.3212 0.3289 0.3499 
   Co13-2145  1 0.3333 0.3352 0.3315 
   Co13-2146  1 0.3263 0.3291 0.3446 
   Co13-2147  1 0.3492 0.3336 0.3172 
   Co13-2149  1 0.3088 0.3101 0.3811 
   Co13-2150  1 0.3531 0.3435 0.3035 
   Co13-2184  1 0.3071 0.3190 0.3739 
    Co13-Tg1  1 0.3370 0.3328 0.3302 
     Co17-01  1 0.3436 0.3441 0.3123 
     Co17-02  1 0.3545 0.3453 0.3002 
     Co17-03  1 0.3469 0.3360 0.3171 
     Co17-04  1 0.3197 0.3175 0.3628 
     Co17-05  1 0.3318 0.3281 0.3401 
     Co17-06  1 0.3547 0.3469 0.2983 
     Co17-07  1 0.3256 0.3251 0.3493 
     Co17-08  1 0.3650 0.3495 0.2854 
     Co17-09  1 0.3236 0.3241 0.3522 
     Co17-10  1 0.3352 0.3391 0.3257 
     Co17-11  1 0.3556 0.3490 0.2954 
     Co17-12  1 0.2939 0.3035 0.4025 
     Co17-13  1 0.3390 0.3374 0.3236 
     Co17-14  1 0.3090 0.3150 0.3761 
     Co17-15  1 0.3348 0.3305 0.3347 
     Co17-16  1 0.3393 0.3410 0.3197 
     Co17-17  1 0.3384 0.3338 0.3277 
     Co17-18  1 0.3396 0.3384 0.3219 
     Co17-19  1 0.3202 0.3204 0.3594 
     Co17-20  1 0.3347 0.3319 0.3333 
     Co17-21  1 0.3249 0.3233 0.3517 
     Co17-22  1 0.3347 0.3310 0.3343 
     Co17-23  1 0.3098 0.3177 0.3725 
     Co17-24  1 0.3259 0.3208 0.3533 
     Co17-25  1 0.3482 0.3436 0.3082 
     Co17-26  1 0.3479 0.3386 0.3135 
     Co17-27  1 0.3331 0.3290 0.3379 
     Co17-28  1 0.3076 0.3182 0.3741 
     Co17-29  1 0.3452 0.3430 0.3118 
     Co17-30  1 0.3126 0.3177 0.3697 
     Co17-31  1 0.3356 0.3390 0.3254 
     Co17-32  1 0.3080 0.3144 0.3776 
     Co17-34  1 0.3305 0.3332 0.3363 
     Co17-35  1 0.3155 0.3227 0.3617 
     Co17-36  1 0.2918 0.3036 0.4046 
     Co17-37  1 0.3525 0.3504 0.2971 
     Co17-38  1 0.3357 0.3387 0.3256 
     Co17-39  1 0.3436 0.3414 0.3150 
     Co17-40  1 0.2967 0.3091 0.3942 
     Co17-41  1 0.3253 0.3313 0.3434 
     Co17-43  1 0.3347 0.3402 0.3251 
     Co17-46  1 0.3272 0.3288 0.3440 
     Co17-47  1 0.3274 0.3319 0.3406 
     Co17-48  1 0.3348 0.3396 0.3256 
     Co17-49  1 0.3349 0.3303 0.3348 
     Co17-50  1 0.3230 0.3347 0.3424 
     Co17-51  1 0.3472 0.3377 0.3151 
     Co17-52  1 0.3254 0.3297 0.3449 
     Co17-53  1 0.3307 0.3242 0.3451 
     Co17-54  1 0.3188 0.3231 0.3581 
     Co17-55  1 0.3509 0.3482 0.3009 
     Co17-56  1 0.3577 0.3510 0.2913 
     Co17-57  1 0.3370 0.3397 0.3233 
     Co17-58  1 0.3108 0.3188 0.3704 
     Co17-60  1 0.3579 0.3525 0.2896 
     Co17-62  1 0.3396 0.3374 0.3231 
     Co17-65  1 0.3634 0.3501 0.2865 
     Co17-67  1 0.3206 0.3244 0.3550 
     Co17-68  1 0.3333 0.3386 0.3280 
     Co17-69  1 0.3193 0.3288 0.3519 
     Co17-70  1 0.3499 0.3470 0.3031 
     Co17-73  1 0.3461 0.3456 0.3084 
     Co17-74  1 0.3260 0.3282 0.3458 
     Co17-75  1 0.3277 0.3326 0.3397 
     Co17-76  1 0.3120 0.3178 0.3702 
     Co17-77  1 0.3314 0.3366 0.3320 
     Co17-78  1 0.3681 0.3462 0.2857 
     Co17-79  1 0.3510 0.3479 0.3011 
     Co17-80  1 0.3720 0.3541 0.2739 
     Co17-82  1 0.3449 0.3392 0.3159 
