   Co09-CO13  1 0.3307 0.3232 0.3460 
   Co09-SC01  1 0.3365 0.3338 0.3297 
   Co09-SC02  1 0.3215 0.3162 0.3622 
   Co09-SC03  1 0.3335 0.3308 0.3357 
   Co09-SC04  1 0.3447 0.3459 0.3094 
   Co09-SC05  1 0.3529 0.3505 0.2966 
   Co09-SC06  1 0.3276 0.3287 0.3437 
   Co09-SC07  1 0.3460 0.3673 0.2867 
   Co09-SC08  1 0.3317 0.3473 0.3210 
   Co09-SC10  1 0.3262 0.3309 0.3428 
   Co09-SC11  1 0.3228 0.3145 0.3627 
   Co09-SC12  1 0.3368 0.3385 0.3247 
   Co09-SC14  1 0.3313 0.3308 0.3379 
   Co09-SC15  1 0.3468 0.3579 0.2953 
   Co09-SC16  1 0.3186 0.3085 0.3729 
   Co09-SC18  1 0.3418 0.3421 0.3161 
   Co09-SC19  1 0.3233 0.3163 0.3604 
   Co09-SC20  1 0.3321 0.3311 0.3368 
   Co09-SC21  1 0.3366 0.3340 0.3294 
   Co09-SC23  1 0.3254 0.3244 0.3502 
   Co09-SC24  1 0.3352 0.3355 0.3293 
   Co09-SC25  1 0.3343 0.3356 0.3301 
   Co09-SC27  1 0.3230 0.3139 0.3631 
   Co09-SC28  1 0.3214 0.3266 0.3520 
   Co09-SC29  1 0.3189 0.3134 0.3677 
   Co09-SC30  1 0.3483 0.3596 0.2921 
   Co09-SC31  1 0.3282 0.3277 0.3441 
   Co09-SF05  1 0.3379 0.3373 0.3247 
   Co09-SF08  1 0.3185 0.3155 0.3660 
   Co09-SF12  1 0.3371 0.3375 0.3254 
   Co09-SF13  1 0.3342 0.3268 0.3390 
   Co09-SF15  1 0.3319 0.3315 0.3366 
   Co09-SF16  1 0.3368 0.3353 0.3280 
   Co09-SF20  1 0.3346 0.3335 0.3320 
   Co09-SF21  1 0.3294 0.3323 0.3383 
   Co09-SF22  1 0.3130 0.3084 0.3786 
   Co09-SF24  1 0.3418 0.3467 0.3115 
   Co09-SF25  1 0.3432 0.3510 0.3057 
   Co09-SF27  1 0.3447 0.3488 0.3065 
   Co09-SF28  1 0.3375 0.3461 0.3164 
   Co09-SF29  1 0.3422 0.3420 0.3158 
   Co09-SF30  1 0.3308 0.3260 0.3432 
  Co09-SF301  1 0.3387 0.3352 0.3260 
  Co09-SF302  1 0.3352 0.3331 0.3317 
  Co09-SF303  1 0.3434 0.3413 0.3154 
  Co09-SF304  1 0.3397 0.3330 0.3273 
  Co09-SF307  1 0.3429 0.3472 0.3099 
  Co09-SF308  1 0.3264 0.3228 0.3509 
  Co09-SF309  1 0.3178 0.3174 0.3648 
  Co09-SF310  1 0.3433 0.3406 0.3161 
  Co09-SF311  1 0.3324 0.3355 0.3321 
  Co09-SF324  1 0.3345 0.3314 0.3341 
  Co09-SF328  1 0.3437 0.3512 0.3050 
  Co09-SF331  1 0.3175 0.3127 0.3698 
  Co09-SF335  1 0.3218 0.3178 0.3604 
  Co09-SF341  1 0.3064 0.3116 0.3821 
  Co09-SF349  1 0.3471 0.3418 0.3111 
   Co10-SF50  1 0.3412 0.3421 0.3167 
   Co13-2082  1 0.3434 0.3476 0.3090 
   Co13-2084  1 0.3393 0.3442 0.3165 
   Co13-2085  1 0.3295 0.3241 0.3464 
   Co13-2086  1 0.3378 0.3452 0.3169 
   Co13-2087  1 0.3298 0.3301 0.3401 
   Co13-2092  1 0.3407 0.3326 0.3267 
   Co13-2093  1 0.3354 0.3315 0.3331 
   Co13-2097  1 0.3231 0.3257 0.3512 
   Co13-2098  1 0.3386 0.3368 0.3246 
   Co13-2099  1 0.3412 0.3418 0.3169 
   Co13-2100  1 0.3235 0.3274 0.3492 
   Co13-2101  1 0.3191 0.3193 0.3616 
   Co13-2102  1 0.3562 0.3597 0.2841 
   Co13-2103  1 0.3439 0.3449 0.3113 
   Co13-2104  1 0.3346 0.3456 0.3197 
   Co13-2105  1 0.3307 0.3342 0.3351 
   Co13-2106  1 0.3322 0.3278 0.3400 
   Co13-2107  1 0.3438 0.3442 0.3119 
   Co13-2108  1 0.3420 0.3468 0.3112 
   Co13-2109  1 0.3375 0.3365 0.3259 
   Co13-2110  1 0.3342 0.3416 0.3242 
   Co13-2111  1 0.3373 0.3389 0.3239 
   Co13-2112  1 0.3357 0.3458 0.3185 
   Co13-2114  1 0.3341 0.3359 0.3301 
   Co13-2115  1 0.3433 0.3446 0.3121 
   Co13-2116  1 0.3224 0.3143 0.3632 
   Co13-2117  1 0.3182 0.3159 0.3659 
   Co13-2119  1 0.3268 0.3199 0.3533 
   Co13-2120  1 0.3295 0.3218 0.3487 
   Co13-2121  1 0.3369 0.3342 0.3289 
   Co13-2122  1 0.3327 0.3239 0.3434 
   Co13-2123  1 0.3372 0.3520 0.3108 
   Co13-2124  1 0.3437 0.3459 0.3104 
   Co13-2125  1 0.3444 0.3516 0.3040 
   Co13-2126  1 0.3350 0.3293 0.3357 
   Co13-2127  1 0.3457 0.3443 0.3100 
   Co13-2128  1 0.3438 0.3494 0.3067 
   Co13-2129  1 0.3255 0.3213 0.3532 
   Co13-2130  1 0.3231 0.3179 0.3590 
   Co13-2131  1 0.3438 0.3511 0.3051 
   Co13-2132  1 0.3369 0.3401 0.3230 
   Co13-2133  1 0.3258 0.3212 0.3531 
   Co13-2134  1 0.3341 0.3320 0.3339 
   Co13-2135  1 0.3435 0.3495 0.3070 
   Co13-2136  1 0.3388 0.3438 0.3175 
   Co13-2137  1 0.3435 0.3386 0.3179 
   Co13-2139  1 0.3348 0.3434 0.3218 
   Co13-2140  1 0.3418 0.3470 0.3112 
   Co13-2141  1 0.3083 0.3010 0.3907 
   Co13-2142  1 0.3310 0.3361 0.3328 
   Co13-2143  1 0.3228 0.3140 0.3632 
   Co13-2144  1 0.3412 0.3412 0.3176 
   Co13-2145  1 0.3361 0.3326 0.3313 
   Co13-2146  1 0.3363 0.3336 0.3300 
   Co13-2147  1 0.3178 0.3152 0.3670 
   Co13-2149  1 0.3392 0.3423 0.3184 
   Co13-2150  1 0.3214 0.3217 0.3569 
   Co13-2184  1 0.3476 0.3540 0.2984 
    Co13-Tg1  1 0.3304 0.3249 0.3446 
     Co17-01  1 0.3269 0.3308 0.3423 
     Co17-02  1 0.3239 0.3139 0.3622 
     Co17-03  1 0.3176 0.3168 0.3656 
     Co17-04  1 0.3369 0.3357 0.3273 
     Co17-05  1 0.3284 0.3292 0.3424 
     Co17-06  1 0.3232 0.3157 0.3610 
     Co17-07  1 0.3363 0.3378 0.3259 
     Co17-08  1 0.3142 0.3044 0.3814 
     Co17-09  1 0.3311 0.3408 0.3281 
     Co17-10  1 0.3326 0.3346 0.3328 
     Co17-11  1 0.3221 0.3177 0.3601 
     Co17-12  1 0.3451 0.3614 0.2935 
     Co17-13  1 0.3317 0.3328 0.3355 
     Co17-14  1 0.3436 0.3508 0.3056 
     Co17-15  1 0.3256 0.3256 0.3488 
     Co17-16  1 0.3355 0.3283 0.3362 
     Co17-17  1 0.3261 0.3280 0.3460 
     Co17-18  1 0.3324 0.3292 0.3384 
     Co17-19  1 0.3371 0.3404 0.3225 
     Co17-20  1 0.3285 0.3318 0.3397 
     Co17-21  1 0.3296 0.3424 0.3281 
     Co17-22  1 0.3287 0.3295 0.3418 
     Co17-23  1 0.3478 0.3484 0.3038 
     Co17-24  1 0.3284 0.3262 0.3453 
     Co17-25  1 0.3318 0.3253 0.3429 
     Co17-26  1 0.3212 0.3236 0.3552 
     Co17-27  1 0.3280 0.3285 0.3435 
     Co17-28  1 0.3445 0.3526 0.3029 
     Co17-29  1 0.3295 0.3238 0.3468 
     Co17-30  1 0.3411 0.3476 0.3113 
     Co17-31  1 0.3334 0.3375 0.3291 
     Co17-32  1 0.3464 0.3476 0.3060 
     Co17-34  1 0.3376 0.3361 0.3263 
     Co17-35  1 0.3434 0.3435 0.3131 
     Co17-36  1 0.3490 0.3622 0.2889 
     Co17-37  1 0.3267 0.3273 0.3460 
     Co17-38  1 0.3349 0.3375 0.3276 
     Co17-39  1 0.3295 0.3272 0.3433 
     Co17-40  1 0.3492 0.3572 0.2936 
     Co17-41  1 0.3436 0.3402 0.3162 
     Co17-43  1 0.3403 0.3390 0.3207 
     Co17-46  1 0.3349 0.3364 0.3287 
     Co17-47  1 0.3418 0.3373 0.3209 
     Co17-48  1 0.3377 0.3352 0.3271 
     Co17-49  1 0.3247 0.3226 0.3528 
     Co17-50  1 0.3467 0.3431 0.3102 
     Co17-51  1 0.3196 0.3224 0.3580 
     Co17-52  1 0.3354 0.3438 0.3207 
     Co17-53  1 0.3258 0.3273 0.3469 
     Co17-54  1 0.3391 0.3482 0.3127 
     Co17-55  1 0.3266 0.3287 0.3447 
     Co17-56  1 0.3233 0.3154 0.3613 
     Co17-57  1 0.3337 0.3369 0.3294 
     Co17-58  1 0.3486 0.3467 0.3047 
     Co17-60  1 0.3246 0.3172 0.3582 
     Co17-62  1 0.3282 0.3295 0.3423 
     Co17-65  1 0.3176 0.3094 0.3730 
     Co17-67  1 0.3407 0.3396 0.3197 
     Co17-68  1 0.3400 0.3376 0.3223 
     Co17-69  1 0.3444 0.3488 0.3068 
     Co17-70  1 0.3304 0.3216 0.3480 
     Co17-73  1 0.3325 0.3267 0.3408 
     Co17-74  1 0.3369 0.3358 0.3273 
     Co17-75  1 0.3370 0.3402 0.3228 
     Co17-76  1 0.3372 0.3478 0.3150 
     Co17-77  1 0.3354 0.3430 0.3216 
     Co17-78  1 0.2995 0.2981 0.4024 
     Co17-79  1 0.3299 0.3224 0.3477 
     Co17-80  1 0.3108 0.3019 0.3873 
     Co17-82  1 0.3276 0.3249 0.3474 
