   Co09-CO13  1 0.1997 0.1983 0.1991 0.1990 0.2040 
   Co09-SC01  1 0.1979 0.2039 0.2018 0.1980 0.1983 
   Co09-SC02  1 0.2034 0.1909 0.1997 0.1988 0.2072 
   Co09-SC03  1 0.1997 0.2001 0.1988 0.2001 0.2012 
   Co09-SC04  1 0.1985 0.2055 0.2010 0.2024 0.1925 
   Co09-SC05  1 0.1940 0.2151 0.2014 0.1996 0.1898 
   Co09-SC06  1 0.2008 0.1942 0.1999 0.2014 0.2037 
   Co09-SC07  1 0.1943 0.2133 0.2052 0.2010 0.1863 
   Co09-SC08  1 0.1961 0.2041 0.2007 0.2020 0.1971 
   Co09-SC10  1 0.1994 0.1967 0.1988 0.2009 0.2041 
   Co09-SC11  1 0.2013 0.1936 0.1983 0.1984 0.2085 
   Co09-SC12  1 0.1983 0.2005 0.2002 0.2014 0.1997 
   Co09-SC14  1 0.2020 0.1993 0.1983 0.1988 0.2016 
   Co09-SC15  1 0.1961 0.2080 0.2044 0.2024 0.1891 
   Co09-SC16  1 0.2031 0.1893 0.1957 0.1989 0.2130 
   Co09-SC18  1 0.1993 0.2077 0.1997 0.1989 0.1943 
   Co09-SC19  1 0.2017 0.1936 0.1971 0.1977 0.2099 
   Co09-SC20  1 0.2002 0.1986 0.2004 0.1998 0.2010 
   Co09-SC21  1 0.1980 0.2029 0.2031 0.1983 0.1977 
   Co09-SC23  1 0.2041 0.1934 0.1979 0.1985 0.2061 
   Co09-SC24  1 0.1990 0.2049 0.1989 0.1990 0.1982 
   Co09-SC25  1 0.2005 0.1991 0.2001 0.2010 0.1993 
   Co09-SC27  1 0.2043 0.1894 0.1986 0.1974 0.2103 
   Co09-SC28  1 0.2004 0.1944 0.1997 0.1990 0.2065 
   Co09-SC29  1 0.2035 0.1888 0.1985 0.1986 0.2106 
   Co09-SC30  1 0.1992 0.2075 0.2044 0.2016 0.1873 
   Co09-SC31  1 0.2010 0.1970 0.1985 0.1994 0.2041 
   Co09-SF05  1 0.1991 0.2010 0.1997 0.2007 0.1996 
   Co09-SF08  1 0.2050 0.1905 0.1954 0.1977 0.2114 
   Co09-SF12  1 0.1993 0.2009 0.2005 0.2007 0.1986 
   Co09-SF13  1 0.2005 0.2009 0.1987 0.1998 0.2001 
   Co09-SF15  1 0.2007 0.2015 0.1965 0.1990 0.2023 
   Co09-SF16  1 0.2010 0.2026 0.1985 0.1982 0.1996 
   Co09-SF20  1 0.2022 0.1992 0.1999 0.1990 0.1997 
   Co09-SF21  1 0.1998 0.2015 0.2001 0.1979 0.2007 
   Co09-SF22  1 0.2025 0.1882 0.1957 0.1988 0.2148 
   Co09-SF24  1 0.1998 0.2025 0.2026 0.2031 0.1921 
   Co09-SF25  1 0.1957 0.2089 0.2049 0.2001 0.1903 
   Co09-SF27  1 0.1993 0.2036 0.2052 0.2006 0.1913 
   Co09-SF28  1 0.1994 0.2033 0.2015 0.2014 0.1944 
   Co09-SF29  1 0.1996 0.2065 0.1988 0.2007 0.1944 
   Co09-SF30  1 0.2027 0.2042 0.1958 0.1972 0.2001 
  Co09-SF301  1 0.1992 0.2006 0.2005 0.2011 0.1985 
  Co09-SF302  1 0.2001 0.2024 0.1997 0.1998 0.1980 
  Co09-SF303  1 0.1997 0.2031 0.2032 0.1991 0.1948 
  Co09-SF304  1 0.2002 0.2067 0.1993 0.1969 0.1969 
  Co09-SF307  1 0.1991 0.2028 0.2040 0.2016 0.1925 
  Co09-SF308  1 0.2017 0.1971 0.1978 0.1994 0.2041 
  Co09-SF309  1 0.2048 0.1892 0.1962 0.1979 0.2118 
  Co09-SF310  1 0.1977 0.2077 0.2013 0.1993 0.1940 
  Co09-SF311  1 0.2015 0.2032 0.1993 0.1974 0.1985 
  Co09-SF324  1 0.2027 0.1987 0.1986 0.2015 0.1984 
  Co09-SF328  1 0.1942 0.2114 0.2001 0.2025 0.1918 
  Co09-SF331  1 0.2033 0.1899 0.1987 0.1982 0.2099 
  Co09-SF335  1 0.2031 0.1906 0.1983 0.2005 0.2076 
  Co09-SF341  1 0.2047 0.1883 0.1944 0.1962 0.2164 
  Co09-SF349  1 0.1997 0.2110 0.1987 0.2018 0.1889 
   Co10-SF50  1 0.2003 0.2023 0.2000 0.2026 0.1947 
   Co13-2082  1 0.1973 0.2064 0.2036 0.2007 0.1920 
   Co13-2084  1 0.2003 0.2066 0.1986 0.2013 0.1932 
   Co13-2085  1 0.2003 0.1952 0.1990 0.2001 0.2053 
   Co13-2086  1 0.1976 0.2056 0.1995 0.2001 0.1972 
   Co13-2087  1 0.2024 0.1955 0.2019 0.1999 0.2004 
   Co13-2092  1 0.2012 0.2069 0.1955 0.2000 0.1964 
   Co13-2093  1 0.1998 0.2002 0.1989 0.1996 0.2015 
   Co13-2097  1 0.2023 0.1941 0.1994 0.1996 0.2045 
   Co13-2098  1 0.2004 0.1999 0.2008 0.1994 0.1994 
   Co13-2099  1 0.2014 0.2064 0.1978 0.2003 0.1941 
   Co13-2100  1 0.2010 0.1972 0.1959 0.1996 0.2063 
   Co13-2101  1 0.2047 0.1941 0.1956 0.1986 0.2070 
   Co13-2102  1 0.1944 0.2134 0.2030 0.2019 0.1873 
   Co13-2103  1 0.1983 0.2081 0.2020 0.2002 0.1915 
   Co13-2104  1 0.1974 0.2019 0.2027 0.2005 0.1976 
   Co13-2105  1 0.1963 0.1991 0.2034 0.2000 0.2012 
   Co13-2106  1 0.2008 0.1975 0.2006 0.1988 0.2024 
   Co13-2107  1 0.1956 0.2074 0.2005 0.2008 0.1956 
   Co13-2108  1 0.1985 0.2070 0.2002 0.2004 0.1939 
   Co13-2109  1 0.2000 0.1991 0.2003 0.2015 0.1991 
   Co13-2110  1 0.1975 0.2009 0.2021 0.2014 0.1980 
   Co13-2111  1 0.1977 0.2034 0.2014 0.2013 0.1961 
   Co13-2112  1 0.1964 0.2049 0.2016 0.2006 0.1965 
   Co13-2114  1 0.2029 0.1968 0.2010 0.2001 0.1992 
   Co13-2115  1 0.1952 0.2058 0.2034 0.2016 0.1940 
   Co13-2116  1 0.2028 0.1903 0.1970 0.1977 0.2122 
   Co13-2117  1 0.2027 0.1901 0.1955 0.1992 0.2126 
   Co13-2119  1 0.2019 0.1952 0.1990 0.1985 0.2053 
   Co13-2120  1 0.2030 0.1937 0.1974 0.1999 0.2060 
   Co13-2121  1 0.1990 0.2022 0.1998 0.2012 0.1977 
   Co13-2122  1 0.1997 0.1999 0.1974 0.1996 0.2034 
   Co13-2123  1 0.1950 0.2059 0.2051 0.2015 0.1926 
   Co13-2124  1 0.1959 0.2112 0.2019 0.1998 0.1912 
   Co13-2125  1 0.1978 0.2064 0.2047 0.2010 0.1901 
   Co13-2126  1 0.2014 0.1945 0.2023 0.2007 0.2010 
   Co13-2127  1 0.1959 0.2078 0.2052 0.1987 0.1924 
   Co13-2128  1 0.1958 0.2086 0.2012 0.2014 0.1930 
   Co13-2129  1 0.1995 0.1958 0.1994 0.1989 0.2064 
   Co13-2130  1 0.2022 0.1886 0.2012 0.1989 0.2090 
   Co13-2131  1 0.1964 0.2099 0.2031 0.2006 0.1900 
   Co13-2132  1 0.1996 0.1994 0.2003 0.2017 0.1990 
   Co13-2133  1 0.1995 0.1942 0.2022 0.1996 0.2046 
   Co13-2134  1 0.2006 0.2006 0.1982 0.1995 0.2013 
   Co13-2135  1 0.1965 0.2045 0.2066 0.2001 0.1923 
   Co13-2136  1 0.2005 0.2040 0.1991 0.2007 0.1957 
   Co13-2137  1 0.1999 0.2079 0.2001 0.1982 0.1939 
   Co13-2139  1 0.1977 0.2025 0.2018 0.2012 0.1968 
   Co13-2140  1 0.1966 0.2051 0.2054 0.1998 0.1931 
   Co13-2141  1 0.2046 0.1875 0.1965 0.1961 0.2152 
   Co13-2142  1 0.1965 0.2043 0.2010 0.1999 0.1982 
   Co13-2143  1 0.2043 0.1952 0.1977 0.1971 0.2056 
   Co13-2144  1 0.1991 0.2030 0.2019 0.2018 0.1941 
   Co13-2145  1 0.1992 0.2013 0.1977 0.2025 0.1993 
   Co13-2146  1 0.1996 0.1999 0.1988 0.2008 0.2009 
   Co13-2147  1 0.2043 0.1876 0.1990 0.1974 0.2116 
   Co13-2149  1 0.1962 0.2072 0.1983 0.2012 0.1970 
   Co13-2150  1 0.1994 0.1931 0.1990 0.2014 0.2072 
   Co13-2184  1 0.1925 0.2136 0.2059 0.1988 0.1892 
    Co13-Tg1  1 0.2019 0.1981 0.1979 0.1996 0.2025 
     Co17-01  1 0.2006 0.1981 0.1994 0.2005 0.2014 
     Co17-02  1 0.2022 0.1946 0.1959 0.1993 0.2080 
     Co17-03  1 0.2009 0.1912 0.1992 0.1990 0.2097 
     Co17-04  1 0.1992 0.2030 0.1977 0.2007 0.1994 
     Co17-05  1 0.1998 0.1990 0.1976 0.2012 0.2025 
     Co17-06  1 0.2033 0.1914 0.1965 0.2006 0.2083 
     Co17-07  1 0.1982 0.2043 0.1967 0.2020 0.1989 
     Co17-08  1 0.2056 0.1828 0.1967 0.1976 0.2173 
     Co17-09  1 0.1998 0.2010 0.1997 0.2006 0.1989 
     Co17-10  1 0.1993 0.1985 0.2025 0.2010 0.1986 
     Co17-11  1 0.2041 0.1906 0.1969 0.1995 0.2089 
     Co17-12  1 0.1972 0.2090 0.2012 0.2040 0.1887 
     Co17-13  1 0.2029 0.1967 0.1994 0.1999 0.2011 
     Co17-14  1 0.1989 0.2040 0.2004 0.2037 0.1929 
     Co17-15  1 0.1996 0.2000 0.1964 0.1997 0.2043 
     Co17-16  1 0.2017 0.1976 0.2005 0.1996 0.2005 
     Co17-17  1 0.1999 0.1932 0.2015 0.2017 0.2037 
     Co17-18  1 0.2010 0.1986 0.2000 0.1989 0.2014 
     Co17-19  1 0.1988 0.2056 0.1984 0.1998 0.1975 
     Co17-20  1 0.2019 0.1980 0.1974 0.2025 0.2002 
     Co17-21  1 0.1964 0.2021 0.2029 0.2013 0.1973 
     Co17-22  1 0.2014 0.1959 0.1997 0.2002 0.2028 
     Co17-23  1 0.1979 0.2089 0.2013 0.1997 0.1922 
     Co17-24  1 0.1991 0.2016 0.1984 0.1980 0.2030 
     Co17-25  1 0.2025 0.1980 0.1975 0.1971 0.2049 
     Co17-26  1 0.2003 0.1981 0.2003 0.1958 0.2054 
     Co17-27  1 0.2006 0.1986 0.1969 0.1999 0.2039 
     Co17-28  1 0.1952 0.2067 0.2052 0.2014 0.1916 
     Co17-29  1 0.2026 0.1961 0.1981 0.1995 0.2037 
     Co17-30  1 0.1958 0.2089 0.2009 0.1999 0.1945 
     Co17-31  1 0.1997 0.2030 0.2016 0.1996 0.1961 
     Co17-32  1 0.1965 0.2100 0.2021 0.1995 0.1919 
     Co17-34  1 0.2001 0.2016 0.2007 0.1989 0.1987 
     Co17-35  1 0.1961 0.2087 0.2016 0.1998 0.1938 
     Co17-36  1 0.1940 0.2145 0.2025 0.2036 0.1854 
     Co17-37  1 0.2012 0.1931 0.2005 0.2006 0.2046 
     Co17-38  1 0.1998 0.1992 0.2026 0.2012 0.1973 
     Co17-39  1 0.2017 0.1979 0.1984 0.2004 0.2015 
     Co17-40  1 0.1974 0.2115 0.2016 0.2012 0.1883 
     Co17-41  1 0.1995 0.2045 0.2010 0.1997 0.1953 
     Co17-43  1 0.1990 0.2008 0.2015 0.2036 0.1952 
     Co17-46  1 0.1968 0.2015 0.2013 0.2018 0.1985 
     Co17-47  1 0.1993 0.2017 0.2019 0.1990 0.1981 
     Co17-48  1 0.2008 0.1966 0.2027 0.2018 0.1981 
     Co17-49  1 0.1998 0.1931 0.1988 0.2015 0.2069 
     Co17-50  1 0.1987 0.2061 0.2020 0.2008 0.1924 
     Co17-51  1 0.2007 0.1925 0.1984 0.2007 0.2078 
     Co17-52  1 0.1996 0.2027 0.2023 0.2013 0.1941 
     Co17-53  1 0.1977 0.2024 0.2007 0.1974 0.2018 
     Co17-54  1 0.1997 0.2036 0.1990 0.2037 0.1940 
     Co17-55  1 0.1995 0.1956 0.2010 0.2005 0.2034 
     Co17-56  1 0.2054 0.1941 0.1975 0.1964 0.2066 
     Co17-57  1 0.2006 0.2047 0.1988 0.1991 0.1969 
     Co17-58  1 0.1974 0.2132 0.1970 0.2005 0.1919 
     Co17-60  1 0.2052 0.1935 0.1961 0.1979 0.2073 
     Co17-62  1 0.2018 0.1986 0.2000 0.1978 0.2017 
     Co17-65  1 0.2056 0.1932 0.1956 0.1967 0.2089 
     Co17-67  1 0.1995 0.2053 0.2006 0.1992 0.1953 
     Co17-68  1 0.1989 0.2024 0.2008 0.2007 0.1973 
     Co17-69  1 0.1975 0.2073 0.2033 0.2012 0.1908 
     Co17-70  1 0.2029 0.1956 0.1993 0.1995 0.2027 
     Co17-73  1 0.2011 0.1941 0.2019 0.1994 0.2035 
     Co17-74  1 0.2011 0.2059 0.1986 0.1984 0.1960 
     Co17-75  1 0.1973 0.2043 0.2000 0.2032 0.1953 
     Co17-76  1 0.1953 0.2051 0.2028 0.2024 0.1944 
     Co17-77  1 0.1985 0.2003 0.2018 0.2023 0.1972 
     Co17-78  1 0.2049 0.1841 0.1965 0.1975 0.2171 
     Co17-79  1 0.2058 0.1944 0.2000 0.1972 0.2027 
     Co17-80  1 0.2037 0.1838 0.1971 0.1979 0.2175 
     Co17-82  1 0.2035 0.1961 0.1985 0.1994 0.2025 
