   Co09-CO13  1 0.2495 0.2517 0.2484 0.2504 
   Co09-SC01  1 0.2470 0.2497 0.2549 0.2484 
   Co09-SC02  1 0.2535 0.2491 0.2522 0.2452 
   Co09-SC03  1 0.2509 0.2498 0.2507 0.2486 
   Co09-SC04  1 0.2448 0.2478 0.2531 0.2544 
   Co09-SC05  1 0.2441 0.2488 0.2555 0.2516 
   Co09-SC06  1 0.2517 0.2493 0.2517 0.2473 
   Co09-SC07  1 0.2505 0.2472 0.2482 0.2542 
   Co09-SC08  1 0.2546 0.2484 0.2455 0.2515 
   Co09-SC10  1 0.2568 0.2500 0.2463 0.2469 
   Co09-SC11  1 0.2511 0.2535 0.2484 0.2470 
   Co09-SC12  1 0.2522 0.2517 0.2482 0.2480 
   Co09-SC14  1 0.2497 0.2507 0.2503 0.2493 
   Co09-SC15  1 0.2473 0.2460 0.2521 0.2545 
   Co09-SC16  1 0.2550 0.2515 0.2458 0.2477 
   Co09-SC18  1 0.2451 0.2520 0.2521 0.2507 
   Co09-SC19  1 0.2535 0.2520 0.2464 0.2481 
   Co09-SC20  1 0.2505 0.2503 0.2499 0.2493 
   Co09-SC21  1 0.2484 0.2494 0.2540 0.2481 
   Co09-SC23  1 0.2533 0.2492 0.2498 0.2477 
   Co09-SC24  1 0.2497 0.2512 0.2491 0.2501 
   Co09-SC25  1 0.2482 0.2492 0.2522 0.2505 
   Co09-SC27  1 0.2528 0.2515 0.2512 0.2446 
   Co09-SC28  1 0.2543 0.2507 0.2469 0.2481 
   Co09-SC29  1 0.2540 0.2514 0.2489 0.2457 
   Co09-SC30  1 0.2453 0.2472 0.2519 0.2556 
   Co09-SC31  1 0.2523 0.2508 0.2480 0.2489 
   Co09-SF05  1 0.2523 0.2500 0.2483 0.2493 
   Co09-SF08  1 0.2546 0.2502 0.2462 0.2490 
   Co09-SF12  1 0.2507 0.2497 0.2484 0.2512 
   Co09-SF13  1 0.2454 0.2522 0.2532 0.2492 
   Co09-SF15  1 0.2511 0.2515 0.2464 0.2510 
   Co09-SF16  1 0.2513 0.2511 0.2489 0.2487 
   Co09-SF20  1 0.2499 0.2479 0.2524 0.2498 
   Co09-SF21  1 0.2509 0.2505 0.2494 0.2492 
   Co09-SF22  1 0.2547 0.2537 0.2448 0.2468 
   Co09-SF24  1 0.2459 0.2484 0.2513 0.2544 
   Co09-SF25  1 0.2445 0.2504 0.2521 0.2529 
   Co09-SF27  1 0.2429 0.2487 0.2553 0.2532 
   Co09-SF28  1 0.2496 0.2476 0.2508 0.2519 
   Co09-SF29  1 0.2477 0.2495 0.2525 0.2504 
   Co09-SF30  1 0.2467 0.2523 0.2512 0.2498 
  Co09-SF301  1 0.2469 0.2489 0.2531 0.2511 
  Co09-SF302  1 0.2478 0.2526 0.2489 0.2507 
  Co09-SF303  1 0.2473 0.2497 0.2555 0.2475 
  Co09-SF304  1 0.2454 0.2521 0.2542 0.2482 
  Co09-SF307  1 0.2459 0.2483 0.2524 0.2533 
  Co09-SF308  1 0.2501 0.2514 0.2483 0.2503 
  Co09-SF309  1 0.2561 0.2493 0.2468 0.2478 
  Co09-SF310  1 0.2468 0.2502 0.2549 0.2481 
  Co09-SF311  1 0.2481 0.2505 0.2518 0.2496 
  Co09-SF324  1 0.2469 0.2486 0.2511 0.2535 
  Co09-SF328  1 0.2504 0.2492 0.2475 0.2530 
  Co09-SF331  1 0.2522 0.2531 0.2481 0.2466 
  Co09-SF335  1 0.2533 0.2498 0.2497 0.2472 
  Co09-SF341  1 0.2601 0.2511 0.2433 0.2454 
  Co09-SF349  1 0.2396 0.2512 0.2554 0.2538 
   Co10-SF50  1 0.2459 0.2485 0.2527 0.2529 
   Co13-2082  1 0.2477 0.2496 0.2523 0.2503 
   Co13-2084  1 0.2445 0.2491 0.2521 0.2542 
   Co13-2085  1 0.2557 0.2505 0.2476 0.2462 
   Co13-2086  1 0.2521 0.2487 0.2466 0.2526 
   Co13-2087  1 0.2473 0.2476 0.2529 0.2522 
   Co13-2092  1 0.2457 0.2510 0.2514 0.2520 
   Co13-2093  1 0.2520 0.2512 0.2470 0.2498 
   Co13-2097  1 0.2505 0.2505 0.2480 0.2510 
   Co13-2098  1 0.2513 0.2480 0.2532 0.2476 
   Co13-2099  1 0.2488 0.2485 0.2504 0.2524 
   Co13-2100  1 0.2568 0.2496 0.2447 0.2489 
   Co13-2101  1 0.2543 0.2500 0.2472 0.2485 
   Co13-2102  1 0.2457 0.2472 0.2530 0.2541 
   Co13-2103  1 0.2430 0.2496 0.2531 0.2543 
   Co13-2104  1 0.2516 0.2497 0.2452 0.2535 
   Co13-2105  1 0.2517 0.2484 0.2512 0.2486 
   Co13-2106  1 0.2497 0.2486 0.2531 0.2486 
   Co13-2107  1 0.2515 0.2494 0.2485 0.2505 
   Co13-2108  1 0.2463 0.2504 0.2508 0.2525 
   Co13-2109  1 0.2475 0.2490 0.2510 0.2524 
   Co13-2110  1 0.2502 0.2486 0.2490 0.2521 
   Co13-2111  1 0.2490 0.2474 0.2511 0.2525 
   Co13-2112  1 0.2531 0.2483 0.2485 0.2501 
   Co13-2114  1 0.2474 0.2490 0.2529 0.2507 
   Co13-2115  1 0.2484 0.2497 0.2528 0.2491 
   Co13-2116  1 0.2547 0.2507 0.2487 0.2459 
   Co13-2117  1 0.2565 0.2513 0.2462 0.2460 
   Co13-2119  1 0.2531 0.2505 0.2498 0.2465 
   Co13-2120  1 0.2521 0.2499 0.2501 0.2479 
   Co13-2121  1 0.2464 0.2504 0.2524 0.2508 
   Co13-2122  1 0.2497 0.2523 0.2488 0.2492 
   Co13-2123  1 0.2502 0.2486 0.2499 0.2513 
   Co13-2124  1 0.2447 0.2514 0.2522 0.2517 
   Co13-2125  1 0.2431 0.2498 0.2518 0.2553 
   Co13-2126  1 0.2465 0.2507 0.2535 0.2494 
   Co13-2127  1 0.2484 0.2474 0.2557 0.2485 
   Co13-2128  1 0.2505 0.2500 0.2484 0.2512 
   Co13-2129  1 0.2552 0.2505 0.2490 0.2453 
   Co13-2130  1 0.2534 0.2508 0.2498 0.2459 
   Co13-2131  1 0.2443 0.2486 0.2534 0.2537 
   Co13-2132  1 0.2546 0.2479 0.2497 0.2478 
   Co13-2133  1 0.2506 0.2528 0.2510 0.2457 
   Co13-2134  1 0.2489 0.2491 0.2516 0.2503 
   Co13-2135  1 0.2467 0.2476 0.2528 0.2529 
   Co13-2136  1 0.2502 0.2483 0.2498 0.2517 
   Co13-2137  1 0.2442 0.2521 0.2524 0.2513 
   Co13-2139  1 0.2529 0.2490 0.2466 0.2516 
   Co13-2140  1 0.2461 0.2482 0.2532 0.2525 
   Co13-2141  1 0.2571 0.2515 0.2473 0.2440 
   Co13-2142  1 0.2508 0.2509 0.2482 0.2502 
   Co13-2143  1 0.2472 0.2537 0.2512 0.2479 
   Co13-2144  1 0.2447 0.2490 0.2520 0.2544 
   Co13-2145  1 0.2478 0.2509 0.2501 0.2512 
   Co13-2146  1 0.2513 0.2508 0.2475 0.2504 
   Co13-2147  1 0.2571 0.2504 0.2456 0.2468 
   Co13-2149  1 0.2523 0.2502 0.2465 0.2510 
   Co13-2150  1 0.2563 0.2496 0.2490 0.2451 
   Co13-2184  1 0.2465 0.2468 0.2560 0.2507 
    Co13-Tg1  1 0.2492 0.2522 0.2488 0.2498 
     Co17-01  1 0.2508 0.2497 0.2492 0.2502 
     Co17-02  1 0.2522 0.2524 0.2501 0.2453 
     Co17-03  1 0.2543 0.2509 0.2459 0.2490 
     Co17-04  1 0.2523 0.2509 0.2461 0.2507 
     Co17-05  1 0.2524 0.2516 0.2457 0.2504 
     Co17-06  1 0.2531 0.2519 0.2474 0.2477 
     Co17-07  1 0.2505 0.2508 0.2469 0.2518 
     Co17-08  1 0.2593 0.2520 0.2468 0.2419 
     Co17-09  1 0.2498 0.2497 0.2491 0.2514 
     Co17-10  1 0.2502 0.2503 0.2503 0.2492 
     Co17-11  1 0.2525 0.2504 0.2469 0.2501 
     Co17-12  1 0.2507 0.2460 0.2478 0.2554 
     Co17-13  1 0.2509 0.2488 0.2530 0.2472 
     Co17-14  1 0.2505 0.2474 0.2490 0.2531 
     Co17-15  1 0.2529 0.2516 0.2467 0.2488 
     Co17-16  1 0.2521 0.2504 0.2522 0.2453 
     Co17-17  1 0.2513 0.2490 0.2481 0.2516 
     Co17-18  1 0.2488 0.2515 0.2485 0.2512 
     Co17-19  1 0.2512 0.2507 0.2478 0.2502 
     Co17-20  1 0.2500 0.2491 0.2481 0.2528 
     Co17-21  1 0.2521 0.2500 0.2470 0.2509 
     Co17-22  1 0.2522 0.2498 0.2475 0.2504 
     Co17-23  1 0.2486 0.2488 0.2526 0.2500 
     Co17-24  1 0.2535 0.2519 0.2466 0.2479 
     Co17-25  1 0.2503 0.2515 0.2501 0.2481 
     Co17-26  1 0.2522 0.2496 0.2516 0.2465 
     Co17-27  1 0.2525 0.2500 0.2458 0.2516 
     Co17-28  1 0.2502 0.2471 0.2505 0.2522 
     Co17-29  1 0.2500 0.2515 0.2506 0.2479 
     Co17-30  1 0.2485 0.2484 0.2517 0.2514 
     Co17-31  1 0.2460 0.2505 0.2515 0.2519 
     Co17-32  1 0.2471 0.2487 0.2522 0.2520 
     Co17-34  1 0.2504 0.2498 0.2508 0.2490 
     Co17-35  1 0.2463 0.2494 0.2514 0.2529 
     Co17-36  1 0.2453 0.2482 0.2502 0.2563 
     Co17-37  1 0.2534 0.2506 0.2473 0.2487 
     Co17-38  1 0.2458 0.2499 0.2512 0.2531 
     Co17-39  1 0.2454 0.2498 0.2505 0.2543 
     Co17-40  1 0.2451 0.2491 0.2496 0.2561 
     Co17-41  1 0.2474 0.2491 0.2536 0.2500 
     Co17-43  1 0.2456 0.2497 0.2533 0.2514 
     Co17-46  1 0.2521 0.2496 0.2501 0.2481 
     Co17-47  1 0.2498 0.2495 0.2517 0.2490 
     Co17-48  1 0.2478 0.2470 0.2554 0.2498 
     Co17-49  1 0.2546 0.2508 0.2450 0.2496 
     Co17-50  1 0.2439 0.2484 0.2552 0.2524 
     Co17-51  1 0.2574 0.2499 0.2455 0.2471 
     Co17-52  1 0.2484 0.2493 0.2505 0.2518 
     Co17-53  1 0.2518 0.2508 0.2485 0.2489 
     Co17-54  1 0.2507 0.2467 0.2483 0.2544 
     Co17-55  1 0.2507 0.2486 0.2531 0.2476 
     Co17-56  1 0.2497 0.2516 0.2518 0.2469 
     Co17-57  1 0.2462 0.2494 0.2538 0.2506 
     Co17-58  1 0.2444 0.2498 0.2523 0.2534 
     Co17-60  1 0.2520 0.2512 0.2486 0.2482 
     Co17-62  1 0.2510 0.2517 0.2492 0.2480 
     Co17-65  1 0.2526 0.2532 0.2466 0.2476 
     Co17-67  1 0.2498 0.2495 0.2516 0.2490 
     Co17-68  1 0.2468 0.2484 0.2521 0.2527 
     Co17-69  1 0.2437 0.2486 0.2517 0.2560 
     Co17-70  1 0.2467 0.2518 0.2513 0.2502 
     Co17-73  1 0.2536 0.2484 0.2524 0.2456 
     Co17-74  1 0.2461 0.2515 0.2505 0.2519 
     Co17-75  1 0.2476 0.2497 0.2485 0.2542 
     Co17-76  1 0.2494 0.2488 0.2482 0.2536 
     Co17-77  1 0.2475 0.2500 0.2511 0.2514 
     Co17-78  1 0.2603 0.2525 0.2427 0.2445 
     Co17-79  1 0.2495 0.2489 0.2543 0.2473 
     Co17-80  1 0.2567 0.2503 0.2484 0.2445 
     Co17-82  1 0.2494 0.2495 0.2520 0.2491 
