   Co09-CO13  1 0.2521 0.2497 0.2546 0.2435 
   Co09-SC01  1 0.2478 0.2514 0.2535 0.2473 
   Co09-SC02  1 0.2605 0.2436 0.2637 0.2322 
   Co09-SC03  1 0.2517 0.2479 0.2523 0.2481 
   Co09-SC04  1 0.2457 0.2551 0.2428 0.2564 
   Co09-SC05  1 0.2370 0.2587 0.2364 0.2679 
   Co09-SC06  1 0.2555 0.2464 0.2592 0.2389 
   Co09-SC07  1 0.2345 0.2591 0.2257 0.2807 
   Co09-SC08  1 0.2449 0.2499 0.2392 0.2661 
   Co09-SC10  1 0.2529 0.2456 0.2510 0.2506 
   Co09-SC11  1 0.2566 0.2456 0.2612 0.2366 
   Co09-SC12  1 0.2481 0.2516 0.2467 0.2537 
   Co09-SC14  1 0.2495 0.2507 0.2521 0.2477 
   Co09-SC15  1 0.2402 0.2546 0.2331 0.2721 
   Co09-SC16  1 0.2634 0.2411 0.2660 0.2295 
   Co09-SC18  1 0.2409 0.2588 0.2432 0.2572 
   Co09-SC19  1 0.2592 0.2433 0.2588 0.2386 
   Co09-SC20  1 0.2541 0.2474 0.2528 0.2456 
   Co09-SC21  1 0.2482 0.2512 0.2531 0.2474 
   Co09-SC23  1 0.2556 0.2466 0.2559 0.2419 
   Co09-SC24  1 0.2473 0.2525 0.2476 0.2526 
   Co09-SC25  1 0.2484 0.2498 0.2487 0.2531 
   Co09-SC27  1 0.2610 0.2433 0.2638 0.2319 
   Co09-SC28  1 0.2561 0.2442 0.2549 0.2448 
   Co09-SC29  1 0.2612 0.2437 0.2656 0.2295 
   Co09-SC30  1 0.2381 0.2615 0.2330 0.2673 
   Co09-SC31  1 0.2540 0.2453 0.2532 0.2475 
   Co09-SF05  1 0.2497 0.2513 0.2471 0.2518 
   Co09-SF08  1 0.2606 0.2418 0.2600 0.2376 
   Co09-SF12  1 0.2482 0.2535 0.2446 0.2537 
   Co09-SF13  1 0.2478 0.2533 0.2563 0.2426 
   Co09-SF15  1 0.2503 0.2504 0.2458 0.2534 
   Co09-SF16  1 0.2475 0.2535 0.2445 0.2545 
   Co09-SF20  1 0.2517 0.2483 0.2501 0.2499 
   Co09-SF21  1 0.2488 0.2500 0.2505 0.2507 
   Co09-SF22  1 0.2628 0.2370 0.2675 0.2327 
   Co09-SF24  1 0.2440 0.2544 0.2421 0.2594 
   Co09-SF25  1 0.2373 0.2584 0.2401 0.2642 
   Co09-SF27  1 0.2397 0.2600 0.2419 0.2584 
   Co09-SF28  1 0.2455 0.2525 0.2432 0.2588 
   Co09-SF29  1 0.2442 0.2547 0.2421 0.2589 
   Co09-SF30  1 0.2475 0.2516 0.2518 0.2491 
  Co09-SF301  1 0.2497 0.2517 0.2498 0.2487 
  Co09-SF302  1 0.2483 0.2516 0.2502 0.2499 
  Co09-SF303  1 0.2463 0.2558 0.2480 0.2498 
  Co09-SF304  1 0.2438 0.2576 0.2501 0.2486 
  Co09-SF307  1 0.2424 0.2575 0.2414 0.2586 
  Co09-SF308  1 0.2538 0.2461 0.2573 0.2427 
  Co09-SF309  1 0.2617 0.2392 0.2583 0.2408 
  Co09-SF310  1 0.2429 0.2560 0.2466 0.2545 
  Co09-SF311  1 0.2459 0.2540 0.2483 0.2518 
  Co09-SF324  1 0.2492 0.2510 0.2511 0.2488 
  Co09-SF328  1 0.2409 0.2531 0.2357 0.2703 
  Co09-SF331  1 0.2602 0.2429 0.2649 0.2320 
  Co09-SF335  1 0.2594 0.2423 0.2627 0.2357 
  Co09-SF341  1 0.2647 0.2362 0.2624 0.2367 
  Co09-SF349  1 0.2382 0.2594 0.2432 0.2592 
   Co10-SF50  1 0.2456 0.2517 0.2438 0.2588 
   Co13-2082  1 0.2431 0.2544 0.2417 0.2608 
   Co13-2084  1 0.2418 0.2548 0.2434 0.2600 
   Co13-2085  1 0.2585 0.2445 0.2593 0.2377 
   Co13-2086  1 0.2455 0.2521 0.2398 0.2626 
   Co13-2087  1 0.2514 0.2497 0.2551 0.2438 
   Co13-2092  1 0.2459 0.2554 0.2472 0.2515 
   Co13-2093  1 0.2511 0.2501 0.2454 0.2534 
   Co13-2097  1 0.2517 0.2468 0.2572 0.2443 
   Co13-2098  1 0.2523 0.2501 0.2464 0.2511 
   Co13-2099  1 0.2464 0.2520 0.2410 0.2606 
   Co13-2100  1 0.2558 0.2423 0.2499 0.2520 
   Co13-2101  1 0.2587 0.2440 0.2580 0.2392 
   Co13-2102  1 0.2365 0.2598 0.2292 0.2746 
   Co13-2103  1 0.2407 0.2562 0.2434 0.2597 
   Co13-2104  1 0.2448 0.2538 0.2399 0.2614 
   Co13-2105  1 0.2529 0.2467 0.2547 0.2456 
   Co13-2106  1 0.2559 0.2476 0.2556 0.2409 
   Co13-2107  1 0.2453 0.2541 0.2393 0.2613 
   Co13-2108  1 0.2401 0.2572 0.2398 0.2629 
   Co13-2109  1 0.2487 0.2512 0.2485 0.2517 
   Co13-2110  1 0.2498 0.2494 0.2491 0.2517 
   Co13-2111  1 0.2478 0.2504 0.2493 0.2525 
   Co13-2112  1 0.2470 0.2487 0.2413 0.2630 
   Co13-2114  1 0.2493 0.2519 0.2510 0.2477 
   Co13-2115  1 0.2436 0.2540 0.2451 0.2573 
   Co13-2116  1 0.2614 0.2418 0.2614 0.2354 
   Co13-2117  1 0.2612 0.2383 0.2619 0.2386 
   Co13-2119  1 0.2560 0.2472 0.2576 0.2392 
   Co13-2120  1 0.2559 0.2463 0.2568 0.2410 
   Co13-2121  1 0.2464 0.2519 0.2514 0.2503 
   Co13-2122  1 0.2523 0.2475 0.2539 0.2463 
   Co13-2123  1 0.2414 0.2540 0.2410 0.2636 
   Co13-2124  1 0.2377 0.2583 0.2391 0.2649 
   Co13-2125  1 0.2377 0.2608 0.2396 0.2619 
   Co13-2126  1 0.2521 0.2518 0.2573 0.2388 
   Co13-2127  1 0.2459 0.2534 0.2427 0.2579 
   Co13-2128  1 0.2432 0.2552 0.2380 0.2636 
   Co13-2129  1 0.2564 0.2440 0.2575 0.2421 
   Co13-2130  1 0.2607 0.2432 0.2647 0.2314 
   Co13-2131  1 0.2402 0.2556 0.2405 0.2637 
   Co13-2132  1 0.2502 0.2498 0.2408 0.2592 
   Co13-2133  1 0.2541 0.2494 0.2607 0.2358 
   Co13-2134  1 0.2497 0.2491 0.2479 0.2532 
   Co13-2135  1 0.2448 0.2549 0.2412 0.2591 
   Co13-2136  1 0.2453 0.2529 0.2391 0.2628 
   Co13-2137  1 0.2411 0.2589 0.2459 0.2542 
   Co13-2139  1 0.2488 0.2482 0.2420 0.2611 
   Co13-2140  1 0.2419 0.2578 0.2436 0.2566 
   Co13-2141  1 0.2679 0.2365 0.2722 0.2234 
   Co13-2142  1 0.2479 0.2482 0.2479 0.2560 
   Co13-2143  1 0.2542 0.2484 0.2623 0.2351 
   Co13-2144  1 0.2440 0.2547 0.2435 0.2578 
   Co13-2145  1 0.2477 0.2495 0.2506 0.2522 
   Co13-2146  1 0.2502 0.2485 0.2471 0.2542 
   Co13-2147  1 0.2623 0.2410 0.2610 0.2356 
   Co13-2149  1 0.2453 0.2514 0.2393 0.2640 
   Co13-2150  1 0.2580 0.2430 0.2603 0.2388 
   Co13-2184  1 0.2394 0.2558 0.2383 0.2665 
    Co13-Tg1  1 0.2502 0.2509 0.2533 0.2456 
     Co17-01  1 0.2527 0.2474 0.2561 0.2438 
     Co17-02  1 0.2579 0.2459 0.2611 0.2352 
     Co17-03  1 0.2590 0.2414 0.2602 0.2394 
     Co17-04  1 0.2476 0.2507 0.2452 0.2565 
     Co17-05  1 0.2531 0.2469 0.2501 0.2499 
     Co17-06  1 0.2583 0.2438 0.2635 0.2344 
     Co17-07  1 0.2492 0.2502 0.2443 0.2562 
     Co17-08  1 0.2702 0.2355 0.2688 0.2255 
     Co17-09  1 0.2468 0.2505 0.2469 0.2558 
     Co17-10  1 0.2494 0.2497 0.2534 0.2474 
     Co17-11  1 0.2604 0.2439 0.2624 0.2333 
     Co17-12  1 0.2398 0.2552 0.2295 0.2755 
     Co17-13  1 0.2506 0.2507 0.2512 0.2475 
     Co17-14  1 0.2454 0.2528 0.2364 0.2653 
     Co17-15  1 0.2543 0.2459 0.2527 0.2470 
     Co17-16  1 0.2536 0.2503 0.2513 0.2448 
     Co17-17  1 0.2537 0.2477 0.2542 0.2445 
     Co17-18  1 0.2522 0.2507 0.2526 0.2445 
     Co17-19  1 0.2462 0.2520 0.2427 0.2591 
     Co17-20  1 0.2510 0.2484 0.2512 0.2494 
     Co17-21  1 0.2487 0.2481 0.2461 0.2572 
     Co17-22  1 0.2527 0.2462 0.2524 0.2487 
     Co17-23  1 0.2423 0.2570 0.2373 0.2634 
     Co17-24  1 0.2513 0.2478 0.2484 0.2525 
     Co17-25  1 0.2532 0.2498 0.2555 0.2415 
     Co17-26  1 0.2550 0.2462 0.2571 0.2417 
     Co17-27  1 0.2536 0.2470 0.2508 0.2486 
     Co17-28  1 0.2427 0.2535 0.2378 0.2660 
     Co17-29  1 0.2527 0.2507 0.2566 0.2401 
     Co17-30  1 0.2417 0.2523 0.2414 0.2646 
     Co17-31  1 0.2432 0.2554 0.2484 0.2531 
     Co17-32  1 0.2418 0.2574 0.2361 0.2647 
     Co17-34  1 0.2500 0.2516 0.2481 0.2503 
     Co17-35  1 0.2444 0.2542 0.2413 0.2601 
     Co17-36  1 0.2338 0.2574 0.2298 0.2790 
     Co17-37  1 0.2556 0.2481 0.2571 0.2392 
     Co17-38  1 0.2464 0.2530 0.2491 0.2516 
     Co17-39  1 0.2504 0.2519 0.2541 0.2436 
     Co17-40  1 0.2361 0.2616 0.2317 0.2706 
     Co17-41  1 0.2470 0.2534 0.2446 0.2550 
     Co17-43  1 0.2467 0.2523 0.2504 0.2506 
     Co17-46  1 0.2495 0.2500 0.2489 0.2516 
     Co17-47  1 0.2485 0.2543 0.2449 0.2523 
     Co17-48  1 0.2515 0.2478 0.2524 0.2483 
     Co17-49  1 0.2558 0.2436 0.2560 0.2446 
     Co17-50  1 0.2442 0.2564 0.2438 0.2556 
     Co17-51  1 0.2590 0.2401 0.2604 0.2405 
     Co17-52  1 0.2447 0.2536 0.2436 0.2581 
     Co17-53  1 0.2500 0.2474 0.2511 0.2515 
     Co17-54  1 0.2485 0.2497 0.2409 0.2610 
     Co17-55  1 0.2540 0.2492 0.2599 0.2369 
     Co17-56  1 0.2552 0.2481 0.2622 0.2345 
     Co17-57  1 0.2460 0.2534 0.2504 0.2503 
     Co17-58  1 0.2398 0.2569 0.2382 0.2651 
     Co17-60  1 0.2584 0.2473 0.2615 0.2328 
     Co17-62  1 0.2503 0.2502 0.2524 0.2471 
     Co17-65  1 0.2593 0.2451 0.2637 0.2318 
     Co17-67  1 0.2469 0.2533 0.2426 0.2572 
     Co17-68  1 0.2496 0.2524 0.2486 0.2494 
     Co17-69  1 0.2401 0.2587 0.2415 0.2598 
     Co17-70  1 0.2518 0.2505 0.2597 0.2380 
     Co17-73  1 0.2581 0.2441 0.2582 0.2396 
     Co17-74  1 0.2435 0.2559 0.2445 0.2561 
     Co17-75  1 0.2467 0.2500 0.2464 0.2568 
     Co17-76  1 0.2447 0.2531 0.2404 0.2617 
     Co17-77  1 0.2441 0.2522 0.2471 0.2565 
     Co17-78  1 0.2682 0.2340 0.2730 0.2248 
     Co17-79  1 0.2540 0.2495 0.2555 0.2410 
     Co17-80  1 0.2693 0.2368 0.2715 0.2224 
     Co17-82  1 0.2526 0.2483 0.2557 0.2434 
