   Co09-CO13  1 0.3231 0.3507 0.3262 
   Co09-SC01  1 0.3322 0.3255 0.3423 
   Co09-SC02  1 0.3148 0.3626 0.3226 
   Co09-SC03  1 0.3311 0.3377 0.3313 
   Co09-SC04  1 0.3491 0.3050 0.3458 
   Co09-SC05  1 0.3551 0.2907 0.3542 
   Co09-SC06  1 0.3265 0.3454 0.3281 
   Co09-SC07  1 0.3667 0.2803 0.3530 
   Co09-SC08  1 0.3458 0.3192 0.3350 
   Co09-SC10  1 0.3312 0.3433 0.3254 
   Co09-SC11  1 0.3148 0.3641 0.3211 
   Co09-SC12  1 0.3380 0.3249 0.3372 
   Co09-SC14  1 0.3284 0.3429 0.3287 
   Co09-SC15  1 0.3594 0.2918 0.3487 
   Co09-SC16  1 0.3071 0.3815 0.3115 
   Co09-SC18  1 0.3401 0.3163 0.3436 
   Co09-SC19  1 0.3120 0.3731 0.3149 
   Co09-SC20  1 0.3323 0.3379 0.3298 
   Co09-SC21  1 0.3317 0.3262 0.3421 
   Co09-SC23  1 0.3224 0.3514 0.3263 
   Co09-SC24  1 0.3385 0.3257 0.3358 
   Co09-SC25  1 0.3342 0.3332 0.3326 
   Co09-SC27  1 0.3130 0.3652 0.3218 
   Co09-SC28  1 0.3251 0.3535 0.3214 
   Co09-SC29  1 0.3092 0.3749 0.3160 
   Co09-SC30  1 0.3603 0.2907 0.3491 
   Co09-SC31  1 0.3259 0.3494 0.3248 
   Co09-SF05  1 0.3419 0.3178 0.3403 
   Co09-SF08  1 0.3116 0.3787 0.3097 
   Co09-SF12  1 0.3395 0.3260 0.3345 
   Co09-SF13  1 0.3259 0.3344 0.3397 
   Co09-SF15  1 0.3344 0.3379 0.3276 
   Co09-SF16  1 0.3383 0.3277 0.3339 
   Co09-SF20  1 0.3328 0.3356 0.3316 
   Co09-SF21  1 0.3314 0.3364 0.3322 
   Co09-SF22  1 0.3065 0.3845 0.3090 
   Co09-SF24  1 0.3462 0.3144 0.3394 
   Co09-SF25  1 0.3509 0.2977 0.3514 
   Co09-SF27  1 0.3441 0.3082 0.3477 
   Co09-SF28  1 0.3457 0.3153 0.3390 
   Co09-SF29  1 0.3471 0.3106 0.3423 
   Co09-SF30  1 0.3285 0.3403 0.3312 
  Co09-SF301  1 0.3366 0.3269 0.3365 
  Co09-SF302  1 0.3339 0.3307 0.3353 
  Co09-SF303  1 0.3439 0.3067 0.3494 
  Co09-SF304  1 0.3344 0.3228 0.3428 
  Co09-SF307  1 0.3425 0.3143 0.3431 
  Co09-SF308  1 0.3215 0.3535 0.3250 
  Co09-SF309  1 0.3155 0.3733 0.3112 
  Co09-SF310  1 0.3421 0.3053 0.3526 
  Co09-SF311  1 0.3313 0.3336 0.3351 
  Co09-SF324  1 0.3328 0.3371 0.3301 
  Co09-SF328  1 0.3589 0.2964 0.3447 
  Co09-SF331  1 0.3093 0.3716 0.3192 
  Co09-SF335  1 0.3162 0.3631 0.3208 
  Co09-SF341  1 0.3051 0.3913 0.3035 
  Co09-SF349  1 0.3460 0.3047 0.3493 
   Co10-SF50  1 0.3467 0.3131 0.3402 
   Co13-2082  1 0.3475 0.3065 0.3460 
   Co13-2084  1 0.3439 0.3152 0.3409 
   Co13-2085  1 0.3274 0.3427 0.3298 
   Co13-2086  1 0.3478 0.3160 0.3362 
   Co13-2087  1 0.3219 0.3477 0.3304 
   Co13-2092  1 0.3374 0.3247 0.3379 
   Co13-2093  1 0.3329 0.3393 0.3278 
   Co13-2097  1 0.3175 0.3563 0.3262 
   Co13-2098  1 0.3402 0.3252 0.3346 
   Co13-2099  1 0.3473 0.3159 0.3369 
   Co13-2100  1 0.3300 0.3510 0.3190 
   Co13-2101  1 0.3187 0.3630 0.3183 
   Co13-2102  1 0.3648 0.2793 0.3559 
   Co13-2103  1 0.3458 0.3062 0.3479 
   Co13-2104  1 0.3395 0.3294 0.3310 
   Co13-2105  1 0.3334 0.3323 0.3342 
   Co13-2106  1 0.3266 0.3434 0.3300 
   Co13-2107  1 0.3514 0.3060 0.3426 
   Co13-2108  1 0.3475 0.3053 0.3473 
   Co13-2109  1 0.3398 0.3249 0.3353 
   Co13-2110  1 0.3418 0.3183 0.3400 
   Co13-2111  1 0.3413 0.3199 0.3388 
   Co13-2112  1 0.3469 0.3159 0.3371 
   Co13-2114  1 0.3309 0.3344 0.3346 
   Co13-2115  1 0.3448 0.3056 0.3497 
   Co13-2116  1 0.3137 0.3708 0.3155 
   Co13-2117  1 0.3160 0.3683 0.3157 
   Co13-2119  1 0.3190 0.3539 0.3272 
   Co13-2120  1 0.3241 0.3493 0.3265 
   Co13-2121  1 0.3346 0.3251 0.3403 
   Co13-2122  1 0.3279 0.3443 0.3278 
   Co13-2123  1 0.3476 0.3065 0.3459 
   Co13-2124  1 0.3468 0.3050 0.3482 
   Co13-2125  1 0.3477 0.3034 0.3490 
   Co13-2126  1 0.3232 0.3428 0.3340 
   Co13-2127  1 0.3473 0.3039 0.3489 
   Co13-2128  1 0.3524 0.3029 0.3447 
   Co13-2129  1 0.3238 0.3483 0.3280 
   Co13-2130  1 0.3150 0.3650 0.3199 
   Co13-2131  1 0.3531 0.2987 0.3482 
   Co13-2132  1 0.3430 0.3247 0.3323 
   Co13-2133  1 0.3174 0.3538 0.3288 
   Co13-2134  1 0.3330 0.3357 0.3313 
   Co13-2135  1 0.3506 0.3050 0.3444 
   Co13-2136  1 0.3485 0.3148 0.3366 
   Co13-2137  1 0.3396 0.3150 0.3454 
   Co13-2139  1 0.3486 0.3171 0.3343 
   Co13-2140  1 0.3400 0.3166 0.3433 
   Co13-2141  1 0.2969 0.3989 0.3042 
   Co13-2142  1 0.3404 0.3247 0.3349 
   Co13-2143  1 0.3093 0.3677 0.3230 
   Co13-2144  1 0.3433 0.3182 0.3386 
   Co13-2145  1 0.3349 0.3289 0.3362 
   Co13-2146  1 0.3375 0.3305 0.3320 
   Co13-2147  1 0.3084 0.3827 0.3089 
   Co13-2149  1 0.3490 0.3124 0.3386 
   Co13-2150  1 0.3223 0.3497 0.3281 
   Co13-2184  1 0.3539 0.2897 0.3563 
    Co13-Tg1  1 0.3231 0.3497 0.3272 
     Co17-01  1 0.3263 0.3424 0.3313 
     Co17-02  1 0.3165 0.3586 0.3249 
     Co17-03  1 0.3160 0.3700 0.3140 
     Co17-04  1 0.3416 0.3235 0.3349 
     Co17-05  1 0.3339 0.3393 0.3269 
     Co17-06  1 0.3147 0.3671 0.3183 
     Co17-07  1 0.3427 0.3224 0.3349 
     Co17-08  1 0.3021 0.3908 0.3071 
     Co17-09  1 0.3367 0.3283 0.3350 
     Co17-10  1 0.3343 0.3286 0.3372 
     Co17-11  1 0.3136 0.3675 0.3190 
     Co17-12  1 0.3647 0.2899 0.3454 
     Co17-13  1 0.3296 0.3373 0.3331 
     Co17-14  1 0.3574 0.2993 0.3433 
     Co17-15  1 0.3266 0.3493 0.3241 
     Co17-16  1 0.3296 0.3380 0.3323 
     Co17-17  1 0.3235 0.3510 0.3256 
     Co17-18  1 0.3336 0.3372 0.3292 
     Co17-19  1 0.3447 0.3176 0.3377 
     Co17-20  1 0.3333 0.3379 0.3289 
     Co17-21  1 0.3400 0.3258 0.3342 
     Co17-22  1 0.3317 0.3410 0.3273 
     Co17-23  1 0.3550 0.2948 0.3502 
     Co17-24  1 0.3283 0.3468 0.3248 
     Co17-25  1 0.3251 0.3454 0.3295 
     Co17-26  1 0.3192 0.3556 0.3253 
     Co17-27  1 0.3288 0.3469 0.3243 
     Co17-28  1 0.3512 0.3035 0.3453 
     Co17-29  1 0.3220 0.3490 0.3290 
     Co17-30  1 0.3484 0.3058 0.3458 
     Co17-31  1 0.3313 0.3295 0.3392 
     Co17-32  1 0.3494 0.3073 0.3434 
     Co17-34  1 0.3398 0.3227 0.3375 
     Co17-35  1 0.3481 0.3097 0.3423 
     Co17-36  1 0.3654 0.2805 0.3541 
     Co17-37  1 0.3233 0.3511 0.3257 
     Co17-38  1 0.3322 0.3310 0.3368 
     Co17-39  1 0.3237 0.3502 0.3261 
     Co17-40  1 0.3583 0.2939 0.3478 
     Co17-41  1 0.3438 0.3139 0.3423 
     Co17-43  1 0.3402 0.3152 0.3447 
     Co17-46  1 0.3386 0.3227 0.3387 
     Co17-47  1 0.3444 0.3175 0.3382 
     Co17-48  1 0.3342 0.3277 0.3380 
     Co17-49  1 0.3231 0.3565 0.3203 
     Co17-50  1 0.3462 0.3094 0.3443 
     Co17-51  1 0.3218 0.3536 0.3245 
     Co17-52  1 0.3417 0.3199 0.3385 
     Co17-53  1 0.3244 0.3492 0.3264 
     Co17-54  1 0.3523 0.3092 0.3384 
     Co17-55  1 0.3209 0.3473 0.3318 
     Co17-56  1 0.3088 0.3695 0.3217 
     Co17-57  1 0.3367 0.3239 0.3394 
     Co17-58  1 0.3529 0.2984 0.3487 
     Co17-60  1 0.3183 0.3597 0.3219 
     Co17-62  1 0.3261 0.3444 0.3295 
     Co17-65  1 0.3076 0.3764 0.3160 
     Co17-67  1 0.3434 0.3168 0.3397 
     Co17-68  1 0.3410 0.3224 0.3366 
     Co17-69  1 0.3481 0.3060 0.3460 
     Co17-70  1 0.3183 0.3540 0.3277 
     Co17-73  1 0.3265 0.3445 0.3290 
     Co17-74  1 0.3383 0.3228 0.3389 
     Co17-75  1 0.3448 0.3176 0.3377 
     Co17-76  1 0.3465 0.3152 0.3383 
     Co17-77  1 0.3373 0.3232 0.3395 
     Co17-78  1 0.2932 0.4108 0.2960 
     Co17-79  1 0.3187 0.3551 0.3262 
     Co17-80  1 0.2986 0.3958 0.3056 
     Co17-82  1 0.3227 0.3509 0.3264 
