   Co09-CO13  1 0.3256 0.3248 0.3496 
   Co09-SC01  1 0.3365 0.3389 0.3246 
   Co09-SC02  1 0.3173 0.3133 0.3694 
   Co09-SC03  1 0.3293 0.3340 0.3367 
   Co09-SC04  1 0.3494 0.3507 0.3000 
   Co09-SC05  1 0.3555 0.3636 0.2809 
   Co09-SC06  1 0.3303 0.3282 0.3415 
   Co09-SC07  1 0.3611 0.3658 0.2731 
   Co09-SC08  1 0.3371 0.3434 0.3195 
   Co09-SC10  1 0.3247 0.3296 0.3457 
   Co09-SC11  1 0.3174 0.3139 0.3687 
   Co09-SC12  1 0.3337 0.3431 0.3232 
   Co09-SC14  1 0.3285 0.3321 0.3394 
   Co09-SC15  1 0.3612 0.3586 0.2802 
   Co09-SC16  1 0.3074 0.3070 0.3856 
   Co09-SC18  1 0.3398 0.3482 0.3120 
   Co09-SC19  1 0.3120 0.3125 0.3754 
   Co09-SC20  1 0.3286 0.3289 0.3425 
   Co09-SC21  1 0.3361 0.3381 0.3258 
   Co09-SC23  1 0.3225 0.3179 0.3596 
   Co09-SC24  1 0.3331 0.3354 0.3315 
   Co09-SC25  1 0.3380 0.3303 0.3317 
   Co09-SC27  1 0.3186 0.3130 0.3684 
   Co09-SC28  1 0.3168 0.3187 0.3645 
   Co09-SC29  1 0.3081 0.3061 0.3857 
   Co09-SC30  1 0.3591 0.3583 0.2825 
   Co09-SC31  1 0.3227 0.3228 0.3545 
   Co09-SF05  1 0.3370 0.3430 0.3200 
   Co09-SF08  1 0.3060 0.3039 0.3901 
   Co09-SF12  1 0.3361 0.3399 0.3241 
   Co09-SF13  1 0.3302 0.3351 0.3348 
   Co09-SF15  1 0.3257 0.3251 0.3491 
   Co09-SF16  1 0.3339 0.3340 0.3321 
   Co09-SF20  1 0.3340 0.3300 0.3361 
   Co09-SF21  1 0.3299 0.3284 0.3418 
   Co09-SF22  1 0.3054 0.3026 0.3920 
   Co09-SF24  1 0.3480 0.3484 0.3036 
   Co09-SF25  1 0.3522 0.3556 0.2922 
   Co09-SF27  1 0.3535 0.3490 0.2975 
   Co09-SF28  1 0.3444 0.3466 0.3090 
   Co09-SF29  1 0.3463 0.3447 0.3090 
   Co09-SF30  1 0.3282 0.3232 0.3486 
  Co09-SF301  1 0.3414 0.3425 0.3161 
  Co09-SF302  1 0.3359 0.3340 0.3301 
  Co09-SF303  1 0.3469 0.3455 0.3076 
  Co09-SF304  1 0.3387 0.3366 0.3248 
  Co09-SF307  1 0.3486 0.3492 0.3023 
  Co09-SF308  1 0.3230 0.3203 0.3567 
  Co09-SF309  1 0.3104 0.3057 0.3839 
  Co09-SF310  1 0.3478 0.3468 0.3054 
  Co09-SF311  1 0.3298 0.3335 0.3367 
  Co09-SF324  1 0.3398 0.3280 0.3322 
  Co09-SF328  1 0.3489 0.3598 0.2912 
  Co09-SF331  1 0.3115 0.3078 0.3807 
  Co09-SF335  1 0.3200 0.3123 0.3676 
  Co09-SF341  1 0.2929 0.2946 0.4125 
  Co09-SF349  1 0.3505 0.3495 0.3000 
   Co10-SF50  1 0.3500 0.3412 0.3088 
   Co13-2082  1 0.3526 0.3491 0.2983 
   Co13-2084  1 0.3475 0.3438 0.3087 
   Co13-2085  1 0.3239 0.3306 0.3454 
   Co13-2086  1 0.3389 0.3459 0.3152 
   Co13-2087  1 0.3348 0.3259 0.3393 
   Co13-2092  1 0.3354 0.3371 0.3275 
   Co13-2093  1 0.3306 0.3300 0.3394 
   Co13-2097  1 0.3243 0.3190 0.3567 
   Co13-2098  1 0.3402 0.3391 0.3207 
   Co13-2099  1 0.3428 0.3416 0.3155 
   Co13-2100  1 0.3153 0.3194 0.3653 
   Co13-2101  1 0.3105 0.3095 0.3800 
   Co13-2102  1 0.3636 0.3692 0.2672 
   Co13-2103  1 0.3526 0.3460 0.3013 
   Co13-2104  1 0.3380 0.3428 0.3191 
   Co13-2105  1 0.3303 0.3395 0.3302 
   Co13-2106  1 0.3315 0.3264 0.3422 
   Co13-2107  1 0.3457 0.3516 0.3028 
   Co13-2108  1 0.3490 0.3482 0.3028 
   Co13-2109  1 0.3441 0.3351 0.3207 
   Co13-2110  1 0.3405 0.3440 0.3155 
   Co13-2111  1 0.3426 0.3408 0.3166 
   Co13-2112  1 0.3409 0.3450 0.3141 
   Co13-2114  1 0.3396 0.3340 0.3264 
   Co13-2115  1 0.3439 0.3560 0.3000 
   Co13-2116  1 0.3126 0.3092 0.3782 
   Co13-2117  1 0.3128 0.3083 0.3789 
   Co13-2119  1 0.3167 0.3230 0.3603 
   Co13-2120  1 0.3249 0.3212 0.3539 
   Co13-2121  1 0.3395 0.3387 0.3217 
   Co13-2122  1 0.3259 0.3261 0.3480 
   Co13-2123  1 0.3476 0.3539 0.2985 
   Co13-2124  1 0.3478 0.3481 0.3041 
   Co13-2125  1 0.3543 0.3512 0.2945 
   Co13-2126  1 0.3329 0.3325 0.3346 
   Co13-2127  1 0.3531 0.3524 0.2945 
   Co13-2128  1 0.3474 0.3569 0.2957 
   Co13-2129  1 0.3188 0.3249 0.3563 
   Co13-2130  1 0.3235 0.3170 0.3595 
   Co13-2131  1 0.3560 0.3512 0.2927 
   Co13-2132  1 0.3380 0.3396 0.3224 
   Co13-2133  1 0.3221 0.3245 0.3534 
   Co13-2134  1 0.3350 0.3285 0.3366 
   Co13-2135  1 0.3529 0.3520 0.2952 
   Co13-2136  1 0.3425 0.3404 0.3172 
   Co13-2137  1 0.3414 0.3452 0.3134 
   Co13-2139  1 0.3433 0.3408 0.3158 
   Co13-2140  1 0.3437 0.3538 0.3025 
   Co13-2141  1 0.2928 0.2912 0.4160 
   Co13-2142  1 0.3346 0.3348 0.3306 
   Co13-2143  1 0.3151 0.3096 0.3753 
   Co13-2144  1 0.3509 0.3400 0.3091 
   Co13-2145  1 0.3376 0.3360 0.3264 
   Co13-2146  1 0.3401 0.3331 0.3268 
   Co13-2147  1 0.3076 0.3052 0.3872 
   Co13-2149  1 0.3378 0.3439 0.3183 
   Co13-2150  1 0.3194 0.3229 0.3577 
   Co13-2184  1 0.3558 0.3634 0.2808 
    Co13-Tg1  1 0.3249 0.3229 0.3522 
     Co17-01  1 0.3314 0.3288 0.3399 
     Co17-02  1 0.3153 0.3135 0.3711 
     Co17-03  1 0.3113 0.3083 0.3805 
     Co17-04  1 0.3350 0.3374 0.3276 
     Co17-05  1 0.3248 0.3282 0.3470 
     Co17-06  1 0.3150 0.3160 0.3690 
     Co17-07  1 0.3349 0.3377 0.3274 
     Co17-08  1 0.3018 0.3002 0.3980 
     Co17-09  1 0.3379 0.3333 0.3288 
     Co17-10  1 0.3379 0.3348 0.3273 
     Co17-11  1 0.3149 0.3138 0.3713 
     Co17-12  1 0.3581 0.3598 0.2821 
     Co17-13  1 0.3305 0.3298 0.3397 
     Co17-14  1 0.3515 0.3512 0.2973 
     Co17-15  1 0.3208 0.3258 0.3534 
     Co17-16  1 0.3330 0.3348 0.3322 
     Co17-17  1 0.3289 0.3275 0.3437 
     Co17-18  1 0.3301 0.3300 0.3399 
     Co17-19  1 0.3373 0.3415 0.3212 
     Co17-20  1 0.3295 0.3283 0.3423 
     Co17-21  1 0.3355 0.3387 0.3258 
     Co17-22  1 0.3319 0.3224 0.3457 
     Co17-23  1 0.3546 0.3521 0.2933 
     Co17-24  1 0.3199 0.3241 0.3560 
     Co17-25  1 0.3225 0.3234 0.3541 
     Co17-26  1 0.3175 0.3165 0.3660 
     Co17-27  1 0.3222 0.3243 0.3535 
     Co17-28  1 0.3539 0.3588 0.2873 
     Co17-29  1 0.3245 0.3262 0.3493 
     Co17-30  1 0.3500 0.3518 0.2982 
     Co17-31  1 0.3362 0.3360 0.3278 
     Co17-32  1 0.3507 0.3487 0.3006 
     Co17-34  1 0.3360 0.3407 0.3233 
     Co17-35  1 0.3461 0.3471 0.3068 
     Co17-36  1 0.3632 0.3632 0.2737 
     Co17-37  1 0.3241 0.3285 0.3475 
     Co17-38  1 0.3379 0.3397 0.3224 
     Co17-39  1 0.3278 0.3231 0.3491 
     Co17-40  1 0.3568 0.3592 0.2840 
     Co17-41  1 0.3459 0.3454 0.3087 
     Co17-43  1 0.3410 0.3473 0.3117 
     Co17-46  1 0.3365 0.3409 0.3225 
     Co17-47  1 0.3426 0.3418 0.3156 
     Co17-48  1 0.3452 0.3373 0.3175 
     Co17-49  1 0.3219 0.3229 0.3552 
     Co17-50  1 0.3501 0.3543 0.2956 
     Co17-51  1 0.3198 0.3212 0.3590 
     Co17-52  1 0.3435 0.3411 0.3153 
     Co17-53  1 0.3234 0.3214 0.3552 
     Co17-54  1 0.3467 0.3462 0.3071 
     Co17-55  1 0.3228 0.3324 0.3449 
     Co17-56  1 0.3124 0.3112 0.3764 
     Co17-57  1 0.3378 0.3369 0.3253 
     Co17-58  1 0.3523 0.3548 0.2929 
     Co17-60  1 0.3170 0.3152 0.3678 
     Co17-62  1 0.3245 0.3250 0.3504 
     Co17-65  1 0.3032 0.3033 0.3935 
     Co17-67  1 0.3417 0.3455 0.3127 
     Co17-68  1 0.3438 0.3434 0.3128 
     Co17-69  1 0.3543 0.3520 0.2937 
     Co17-70  1 0.3228 0.3244 0.3528 
     Co17-73  1 0.3385 0.3315 0.3300 
     Co17-74  1 0.3374 0.3348 0.3278 
     Co17-75  1 0.3435 0.3395 0.3171 
     Co17-76  1 0.3439 0.3516 0.3045 
     Co17-77  1 0.3413 0.3435 0.3151 
     Co17-78  1 0.2899 0.2836 0.4265 
     Co17-79  1 0.3288 0.3175 0.3537 
     Co17-80  1 0.2985 0.2937 0.4078 
     Co17-82  1 0.3223 0.3204 0.3573 
