   Co09-CO13  1 0.3247 0.3523 0.3230 
   Co09-SC01  1 0.3361 0.3266 0.3373 
   Co09-SC02  1 0.3169 0.3708 0.3123 
   Co09-SC03  1 0.3322 0.3359 0.3319 
   Co09-SC04  1 0.3504 0.2998 0.3498 
   Co09-SC05  1 0.3534 0.2841 0.3625 
   Co09-SC06  1 0.3297 0.3447 0.3256 
   Co09-SC07  1 0.3595 0.2758 0.3647 
   Co09-SC08  1 0.3413 0.3196 0.3392 
   Co09-SC10  1 0.3253 0.3507 0.3240 
   Co09-SC11  1 0.3158 0.3693 0.3150 
   Co09-SC12  1 0.3372 0.3264 0.3365 
   Co09-SC14  1 0.3311 0.3373 0.3317 
   Co09-SC15  1 0.3560 0.2864 0.3576 
   Co09-SC16  1 0.3093 0.3834 0.3073 
   Co09-SC18  1 0.3434 0.3088 0.3477 
   Co09-SC19  1 0.3181 0.3697 0.3122 
   Co09-SC20  1 0.3328 0.3373 0.3299 
   Co09-SC21  1 0.3355 0.3270 0.3375 
   Co09-SC23  1 0.3265 0.3544 0.3191 
   Co09-SC24  1 0.3330 0.3293 0.3377 
   Co09-SC25  1 0.3325 0.3305 0.3370 
   Co09-SC27  1 0.3164 0.3707 0.3129 
   Co09-SC28  1 0.3215 0.3609 0.3176 
   Co09-SC29  1 0.3166 0.3753 0.3080 
   Co09-SC30  1 0.3613 0.2806 0.3581 
   Co09-SC31  1 0.3236 0.3528 0.3236 
   Co09-SF05  1 0.3429 0.3211 0.3360 
   Co09-SF08  1 0.3135 0.3759 0.3106 
   Co09-SF12  1 0.3378 0.3235 0.3387 
   Co09-SF13  1 0.3336 0.3328 0.3336 
   Co09-SF15  1 0.3275 0.3423 0.3302 
   Co09-SF16  1 0.3357 0.3281 0.3362 
   Co09-SF20  1 0.3313 0.3358 0.3329 
   Co09-SF21  1 0.3298 0.3377 0.3325 
   Co09-SF22  1 0.3032 0.3953 0.3015 
   Co09-SF24  1 0.3494 0.3035 0.3471 
   Co09-SF25  1 0.3488 0.2958 0.3554 
   Co09-SF27  1 0.3504 0.2982 0.3514 
   Co09-SF28  1 0.3422 0.3134 0.3445 
   Co09-SF29  1 0.3423 0.3105 0.3473 
   Co09-SF30  1 0.3239 0.3447 0.3314 
  Co09-SF301  1 0.3390 0.3210 0.3399 
  Co09-SF302  1 0.3337 0.3314 0.3349 
  Co09-SF303  1 0.3492 0.3074 0.3434 
  Co09-SF304  1 0.3367 0.3216 0.3416 
  Co09-SF307  1 0.3490 0.3032 0.3478 
  Co09-SF308  1 0.3207 0.3559 0.3234 
  Co09-SF309  1 0.3088 0.3797 0.3114 
  Co09-SF310  1 0.3456 0.3078 0.3466 
  Co09-SF311  1 0.3315 0.3325 0.3360 
  Co09-SF324  1 0.3317 0.3326 0.3357 
  Co09-SF328  1 0.3470 0.2969 0.3562 
  Co09-SF331  1 0.3125 0.3779 0.3095 
  Co09-SF335  1 0.3214 0.3632 0.3154 
  Co09-SF341  1 0.2994 0.4016 0.2990 
  Co09-SF349  1 0.3438 0.3011 0.3551 
   Co10-SF50  1 0.3405 0.3128 0.3467 
   Co13-2082  1 0.3447 0.3063 0.3489 
   Co13-2084  1 0.3422 0.3097 0.3481 
   Co13-2085  1 0.3293 0.3487 0.3220 
   Co13-2086  1 0.3396 0.3165 0.3439 
   Co13-2087  1 0.3340 0.3368 0.3292 
   Co13-2092  1 0.3345 0.3252 0.3403 
   Co13-2093  1 0.3319 0.3367 0.3314 
   Co13-2097  1 0.3245 0.3521 0.3234 
   Co13-2098  1 0.3380 0.3245 0.3375 
   Co13-2099  1 0.3406 0.3140 0.3454 
   Co13-2100  1 0.3188 0.3598 0.3214 
   Co13-2101  1 0.3141 0.3711 0.3148 
   Co13-2102  1 0.3609 0.2734 0.3656 
   Co13-2103  1 0.3490 0.3014 0.3496 
   Co13-2104  1 0.3434 0.3181 0.3385 
   Co13-2105  1 0.3341 0.3341 0.3319 
   Co13-2106  1 0.3324 0.3399 0.3277 
   Co13-2107  1 0.3462 0.3069 0.3469 
   Co13-2108  1 0.3494 0.3028 0.3478 
   Co13-2109  1 0.3405 0.3204 0.3391 
   Co13-2110  1 0.3464 0.3156 0.3380 
   Co13-2111  1 0.3384 0.3207 0.3409 
   Co13-2112  1 0.3398 0.3181 0.3421 
   Co13-2114  1 0.3411 0.3244 0.3345 
   Co13-2115  1 0.3477 0.3044 0.3479 
   Co13-2116  1 0.3127 0.3770 0.3103 
   Co13-2117  1 0.3109 0.3780 0.3112 
   Co13-2119  1 0.3205 0.3611 0.3184 
   Co13-2120  1 0.3236 0.3524 0.3240 
   Co13-2121  1 0.3356 0.3239 0.3404 
   Co13-2122  1 0.3235 0.3484 0.3280 
   Co13-2123  1 0.3432 0.3076 0.3492 
   Co13-2124  1 0.3440 0.3026 0.3534 
   Co13-2125  1 0.3537 0.2932 0.3531 
   Co13-2126  1 0.3359 0.3331 0.3310 
   Co13-2127  1 0.3493 0.3012 0.3496 
   Co13-2128  1 0.3481 0.3014 0.3505 
   Co13-2129  1 0.3210 0.3597 0.3193 
   Co13-2130  1 0.3212 0.3656 0.3131 
   Co13-2131  1 0.3505 0.2937 0.3558 
   Co13-2132  1 0.3379 0.3255 0.3366 
   Co13-2133  1 0.3233 0.3576 0.3191 
   Co13-2134  1 0.3319 0.3342 0.3338 
   Co13-2135  1 0.3510 0.2994 0.3496 
   Co13-2136  1 0.3401 0.3171 0.3428 
   Co13-2137  1 0.3444 0.3097 0.3459 
   Co13-2139  1 0.3393 0.3197 0.3410 
   Co13-2140  1 0.3498 0.3010 0.3491 
   Co13-2141  1 0.2983 0.4084 0.2933 
   Co13-2142  1 0.3312 0.3335 0.3353 
   Co13-2143  1 0.3152 0.3690 0.3158 
   Co13-2144  1 0.3438 0.3098 0.3464 
   Co13-2145  1 0.3323 0.3291 0.3386 
   Co13-2146  1 0.3351 0.3310 0.3339 
   Co13-2147  1 0.3123 0.3813 0.3064 
   Co13-2149  1 0.3420 0.3167 0.3413 
   Co13-2150  1 0.3218 0.3635 0.3147 
   Co13-2184  1 0.3543 0.2867 0.3590 
    Co13-Tg1  1 0.3270 0.3476 0.3254 
     Co17-01  1 0.3330 0.3383 0.3287 
     Co17-02  1 0.3150 0.3708 0.3142 
     Co17-03  1 0.3112 0.3786 0.3102 
     Co17-04  1 0.3352 0.3295 0.3354 
     Co17-05  1 0.3291 0.3440 0.3269 
     Co17-06  1 0.3160 0.3696 0.3143 
     Co17-07  1 0.3387 0.3237 0.3376 
     Co17-08  1 0.2988 0.4028 0.2984 
     Co17-09  1 0.3359 0.3292 0.3348 
     Co17-10  1 0.3351 0.3316 0.3333 
     Co17-11  1 0.3214 0.3666 0.3120 
     Co17-12  1 0.3575 0.2839 0.3586 
     Co17-13  1 0.3292 0.3406 0.3302 
     Co17-14  1 0.3507 0.2981 0.3512 
     Co17-15  1 0.3218 0.3546 0.3237 
     Co17-16  1 0.3298 0.3418 0.3284 
     Co17-17  1 0.3300 0.3494 0.3207 
     Co17-18  1 0.3345 0.3368 0.3287 
     Co17-19  1 0.3397 0.3214 0.3389 
     Co17-20  1 0.3286 0.3392 0.3322 
     Co17-21  1 0.3361 0.3271 0.3368 
     Co17-22  1 0.3289 0.3450 0.3260 
     Co17-23  1 0.3505 0.2964 0.3531 
     Co17-24  1 0.3223 0.3524 0.3252 
     Co17-25  1 0.3294 0.3477 0.3229 
     Co17-26  1 0.3185 0.3599 0.3216 
     Co17-27  1 0.3273 0.3467 0.3260 
     Co17-28  1 0.3541 0.2921 0.3538 
     Co17-29  1 0.3267 0.3474 0.3259 
     Co17-30  1 0.3469 0.3024 0.3507 
     Co17-31  1 0.3376 0.3223 0.3400 
     Co17-32  1 0.3477 0.3007 0.3515 
     Co17-34  1 0.3385 0.3226 0.3389 
     Co17-35  1 0.3435 0.3075 0.3490 
     Co17-36  1 0.3547 0.2789 0.3664 
     Co17-37  1 0.3337 0.3446 0.3217 
     Co17-38  1 0.3385 0.3228 0.3386 
     Co17-39  1 0.3259 0.3452 0.3290 
     Co17-40  1 0.3575 0.2831 0.3595 
     Co17-41  1 0.3447 0.3100 0.3453 
     Co17-43  1 0.3434 0.3142 0.3424 
     Co17-46  1 0.3402 0.3253 0.3345 
     Co17-47  1 0.3428 0.3167 0.3406 
     Co17-48  1 0.3381 0.3250 0.3369 
     Co17-49  1 0.3211 0.3587 0.3202 
     Co17-50  1 0.3493 0.2969 0.3539 
     Co17-51  1 0.3240 0.3626 0.3134 
     Co17-52  1 0.3415 0.3161 0.3424 
     Co17-53  1 0.3196 0.3548 0.3257 
     Co17-54  1 0.3464 0.3083 0.3453 
     Co17-55  1 0.3281 0.3450 0.3268 
     Co17-56  1 0.3148 0.3688 0.3163 
     Co17-57  1 0.3386 0.3202 0.3412 
     Co17-58  1 0.3488 0.2943 0.3569 
     Co17-60  1 0.3221 0.3608 0.3171 
     Co17-62  1 0.3307 0.3427 0.3265 
     Co17-65  1 0.3111 0.3815 0.3075 
     Co17-67  1 0.3394 0.3183 0.3423 
     Co17-68  1 0.3423 0.3164 0.3413 
     Co17-69  1 0.3504 0.2954 0.3542 
     Co17-70  1 0.3248 0.3495 0.3257 
     Co17-73  1 0.3318 0.3408 0.3274 
     Co17-74  1 0.3343 0.3248 0.3410 
     Co17-75  1 0.3381 0.3199 0.3420 
     Co17-76  1 0.3456 0.3072 0.3472 
     Co17-77  1 0.3423 0.3163 0.3414 
     Co17-78  1 0.2903 0.4225 0.2872 
     Co17-79  1 0.3260 0.3515 0.3225 
     Co17-80  1 0.3023 0.4061 0.2917 
     Co17-82  1 0.3228 0.3523 0.3248 
