   Co09-CO13  1 0.3225 0.3495 0.3280 
   Co09-SC01  1 0.3399 0.3283 0.3318 
   Co09-SC02  1 0.3208 0.3641 0.3151 
   Co09-SC03  1 0.3303 0.3354 0.3343 
   Co09-SC04  1 0.3430 0.3043 0.3526 
   Co09-SC05  1 0.3503 0.2895 0.3602 
   Co09-SC06  1 0.3307 0.3439 0.3254 
   Co09-SC07  1 0.3608 0.2787 0.3604 
   Co09-SC08  1 0.3403 0.3181 0.3416 
   Co09-SC10  1 0.3260 0.3445 0.3295 
   Co09-SC11  1 0.3194 0.3656 0.3149 
   Co09-SC12  1 0.3377 0.3209 0.3414 
   Co09-SC14  1 0.3323 0.3403 0.3274 
   Co09-SC15  1 0.3555 0.2905 0.3540 
   Co09-SC16  1 0.3054 0.3813 0.3133 
   Co09-SC18  1 0.3425 0.3129 0.3446 
   Co09-SC19  1 0.3153 0.3661 0.3186 
   Co09-SC20  1 0.3311 0.3391 0.3298 
   Co09-SC21  1 0.3404 0.3270 0.3325 
   Co09-SC23  1 0.3221 0.3561 0.3218 
   Co09-SC24  1 0.3331 0.3298 0.3371 
   Co09-SC25  1 0.3354 0.3336 0.3310 
   Co09-SC27  1 0.3198 0.3655 0.3147 
   Co09-SC28  1 0.3225 0.3590 0.3185 
   Co09-SC29  1 0.3130 0.3760 0.3111 
   Co09-SC30  1 0.3541 0.2869 0.3590 
   Co09-SC31  1 0.3242 0.3496 0.3262 
   Co09-SF05  1 0.3367 0.3209 0.3424 
   Co09-SF08  1 0.3103 0.3754 0.3143 
   Co09-SF12  1 0.3336 0.3225 0.3440 
   Co09-SF13  1 0.3342 0.3362 0.3297 
   Co09-SF15  1 0.3250 0.3370 0.3380 
   Co09-SF16  1 0.3335 0.3275 0.3389 
   Co09-SF20  1 0.3338 0.3364 0.3297 
   Co09-SF21  1 0.3341 0.3377 0.3282 
   Co09-SF22  1 0.3102 0.3855 0.3043 
   Co09-SF24  1 0.3426 0.3072 0.3502 
   Co09-SF25  1 0.3524 0.3010 0.3466 
   Co09-SF27  1 0.3530 0.3013 0.3457 
   Co09-SF28  1 0.3451 0.3148 0.3401 
   Co09-SF29  1 0.3418 0.3127 0.3455 
   Co09-SF30  1 0.3317 0.3441 0.3242 
  Co09-SF301  1 0.3353 0.3224 0.3423 
  Co09-SF302  1 0.3362 0.3300 0.3337 
  Co09-SF303  1 0.3481 0.3113 0.3406 
  Co09-SF304  1 0.3425 0.3241 0.3334 
  Co09-SF307  1 0.3473 0.3046 0.3481 
  Co09-SF308  1 0.3238 0.3554 0.3208 
  Co09-SF309  1 0.3123 0.3723 0.3154 
  Co09-SF310  1 0.3468 0.3113 0.3419 
  Co09-SF311  1 0.3396 0.3309 0.3294 
  Co09-SF324  1 0.3319 0.3355 0.3325 
  Co09-SF328  1 0.3440 0.2995 0.3565 
  Co09-SF331  1 0.3173 0.3731 0.3096 
  Co09-SF335  1 0.3203 0.3654 0.3143 
  Co09-SF341  1 0.3035 0.3953 0.3012 
  Co09-SF349  1 0.3497 0.3066 0.3438 
   Co10-SF50  1 0.3431 0.3142 0.3427 
   Co13-2082  1 0.3507 0.3019 0.3474 
   Co13-2084  1 0.3451 0.3159 0.3390 
   Co13-2085  1 0.3218 0.3487 0.3294 
   Co13-2086  1 0.3370 0.3149 0.3481 
   Co13-2087  1 0.3352 0.3377 0.3271 
   Co13-2092  1 0.3353 0.3277 0.3370 
   Co13-2093  1 0.3281 0.3325 0.3394 
   Co13-2097  1 0.3289 0.3551 0.3160 
   Co13-2098  1 0.3366 0.3247 0.3387 
   Co13-2099  1 0.3385 0.3167 0.3447 
   Co13-2100  1 0.3207 0.3539 0.3254 
   Co13-2101  1 0.3161 0.3686 0.3153 
   Co13-2102  1 0.3540 0.2738 0.3721 
   Co13-2103  1 0.3476 0.3101 0.3423 
   Co13-2104  1 0.3377 0.3154 0.3469 
   Co13-2105  1 0.3332 0.3342 0.3325 
   Co13-2106  1 0.3288 0.3411 0.3302 
   Co13-2107  1 0.3365 0.3066 0.3569 
   Co13-2108  1 0.3478 0.3052 0.3470 
   Co13-2109  1 0.3322 0.3286 0.3392 
   Co13-2110  1 0.3380 0.3233 0.3387 
   Co13-2111  1 0.3396 0.3233 0.3371 
   Co13-2112  1 0.3428 0.3157 0.3415 
   Co13-2114  1 0.3393 0.3284 0.3322 
   Co13-2115  1 0.3472 0.3034 0.3494 
   Co13-2116  1 0.3130 0.3698 0.3172 
   Co13-2117  1 0.3139 0.3717 0.3144 
   Co13-2119  1 0.3225 0.3542 0.3233 
   Co13-2120  1 0.3216 0.3542 0.3242 
   Co13-2121  1 0.3395 0.3263 0.3342 
   Co13-2122  1 0.3232 0.3460 0.3308 
   Co13-2123  1 0.3497 0.3060 0.3443 
   Co13-2124  1 0.3472 0.3054 0.3475 
   Co13-2125  1 0.3543 0.2983 0.3474 
   Co13-2126  1 0.3315 0.3343 0.3343 
   Co13-2127  1 0.3504 0.3016 0.3480 
   Co13-2128  1 0.3456 0.3023 0.3520 
   Co13-2129  1 0.3244 0.3522 0.3235 
   Co13-2130  1 0.3235 0.3616 0.3149 
   Co13-2131  1 0.3548 0.3017 0.3435 
   Co13-2132  1 0.3346 0.3202 0.3452 
   Co13-2133  1 0.3301 0.3552 0.3146 
   Co13-2134  1 0.3322 0.3337 0.3341 
   Co13-2135  1 0.3487 0.3032 0.3481 
   Co13-2136  1 0.3393 0.3179 0.3428 
   Co13-2137  1 0.3416 0.3145 0.3439 
   Co13-2139  1 0.3378 0.3201 0.3421 
   Co13-2140  1 0.3480 0.3051 0.3468 
   Co13-2141  1 0.3029 0.4016 0.2955 
   Co13-2142  1 0.3340 0.3334 0.3326 
   Co13-2143  1 0.3221 0.3685 0.3094 
   Co13-2144  1 0.3422 0.3137 0.3442 
   Co13-2145  1 0.3344 0.3310 0.3346 
   Co13-2146  1 0.3329 0.3285 0.3386 
   Co13-2147  1 0.3088 0.3768 0.3145 
   Co13-2149  1 0.3345 0.3176 0.3480 
   Co13-2150  1 0.3248 0.3553 0.3200 
   Co13-2184  1 0.3601 0.2883 0.3515 
    Co13-Tg1  1 0.3229 0.3478 0.3293 
     Co17-01  1 0.3329 0.3437 0.3234 
     Co17-02  1 0.3209 0.3623 0.3168 
     Co17-03  1 0.3144 0.3709 0.3147 
     Co17-04  1 0.3294 0.3280 0.3426 
     Co17-05  1 0.3236 0.3447 0.3317 
     Co17-06  1 0.3174 0.3651 0.3175 
     Co17-07  1 0.3325 0.3256 0.3419 
     Co17-08  1 0.3052 0.3885 0.3063 
     Co17-09  1 0.3397 0.3288 0.3315 
     Co17-10  1 0.3386 0.3351 0.3263 
     Co17-11  1 0.3157 0.3644 0.3198 
     Co17-12  1 0.3512 0.2907 0.3581 
     Co17-13  1 0.3358 0.3352 0.3290 
     Co17-14  1 0.3444 0.3025 0.3531 
     Co17-15  1 0.3205 0.3526 0.3269 
     Co17-16  1 0.3351 0.3315 0.3334 
     Co17-17  1 0.3259 0.3421 0.3320 
     Co17-18  1 0.3252 0.3414 0.3334 
     Co17-19  1 0.3378 0.3201 0.3421 
     Co17-20  1 0.3306 0.3411 0.3282 
     Co17-21  1 0.3361 0.3285 0.3355 
     Co17-22  1 0.3263 0.3485 0.3252 
     Co17-23  1 0.3475 0.2968 0.3556 
     Co17-24  1 0.3220 0.3472 0.3307 
     Co17-25  1 0.3248 0.3493 0.3259 
     Co17-26  1 0.3284 0.3600 0.3115 
     Co17-27  1 0.3209 0.3462 0.3329 
     Co17-28  1 0.3499 0.2965 0.3535 
     Co17-29  1 0.3268 0.3500 0.3232 
     Co17-30  1 0.3457 0.3083 0.3460 
     Co17-31  1 0.3433 0.3263 0.3304 
     Co17-32  1 0.3453 0.3019 0.3528 
     Co17-34  1 0.3354 0.3255 0.3392 
     Co17-35  1 0.3415 0.3113 0.3471 
     Co17-36  1 0.3602 0.2828 0.3570 
     Co17-37  1 0.3270 0.3482 0.3249 
     Co17-38  1 0.3405 0.3238 0.3358 
     Co17-39  1 0.3261 0.3472 0.3267 
     Co17-40  1 0.3520 0.2871 0.3609 
     Co17-41  1 0.3418 0.3128 0.3454 
     Co17-43  1 0.3445 0.3172 0.3383 
     Co17-46  1 0.3368 0.3245 0.3388 
     Co17-47  1 0.3369 0.3181 0.3450 
     Co17-48  1 0.3380 0.3271 0.3349 
     Co17-49  1 0.3179 0.3538 0.3283 
     Co17-50  1 0.3448 0.3021 0.3531 
     Co17-51  1 0.3193 0.3616 0.3191 
     Co17-52  1 0.3486 0.3161 0.3352 
     Co17-53  1 0.3288 0.3484 0.3228 
     Co17-54  1 0.3391 0.3149 0.3460 
     Co17-55  1 0.3325 0.3436 0.3238 
     Co17-56  1 0.3221 0.3649 0.3131 
     Co17-57  1 0.3378 0.3321 0.3301 
     Co17-58  1 0.3460 0.3015 0.3525 
     Co17-60  1 0.3208 0.3627 0.3166 
     Co17-62  1 0.3311 0.3428 0.3261 
     Co17-65  1 0.3112 0.3792 0.3096 
     Co17-67  1 0.3423 0.3148 0.3429 
     Co17-68  1 0.3338 0.3209 0.3453 
     Co17-69  1 0.3475 0.2999 0.3526 
     Co17-70  1 0.3238 0.3499 0.3263 
     Co17-73  1 0.3305 0.3393 0.3302 
     Co17-74  1 0.3378 0.3267 0.3355 
     Co17-75  1 0.3377 0.3269 0.3354 
     Co17-76  1 0.3413 0.3094 0.3493 
     Co17-77  1 0.3462 0.3193 0.3345 
     Co17-78  1 0.2988 0.4134 0.2878 
     Co17-79  1 0.3288 0.3492 0.3220 
     Co17-80  1 0.3013 0.3956 0.3031 
     Co17-82  1 0.3279 0.3499 0.3222 
