   Co09-CO13  1 0.3257 0.3506 0.3237 
   Co09-SC01  1 0.3424 0.3302 0.3275 
   Co09-SC02  1 0.3245 0.3628 0.3127 
   Co09-SC03  1 0.3320 0.3383 0.3297 
   Co09-SC04  1 0.3444 0.3083 0.3473 
   Co09-SC05  1 0.3544 0.2940 0.3517 
   Co09-SC06  1 0.3285 0.3454 0.3260 
   Co09-SC07  1 0.3482 0.2840 0.3678 
   Co09-SC08  1 0.3316 0.3201 0.3483 
   Co09-SC10  1 0.3234 0.3463 0.3303 
   Co09-SC11  1 0.3266 0.3618 0.3116 
   Co09-SC12  1 0.3348 0.3252 0.3400 
   Co09-SC14  1 0.3318 0.3382 0.3301 
   Co09-SC15  1 0.3459 0.2925 0.3616 
   Co09-SC16  1 0.3108 0.3808 0.3084 
   Co09-SC18  1 0.3451 0.3150 0.3399 
   Co09-SC19  1 0.3171 0.3670 0.3160 
   Co09-SC20  1 0.3313 0.3398 0.3289 
   Co09-SC21  1 0.3425 0.3298 0.3277 
   Co09-SC23  1 0.3242 0.3521 0.3237 
   Co09-SC24  1 0.3330 0.3325 0.3344 
   Co09-SC25  1 0.3339 0.3314 0.3347 
   Co09-SC27  1 0.3261 0.3612 0.3127 
   Co09-SC28  1 0.3215 0.3553 0.3232 
   Co09-SC29  1 0.3183 0.3736 0.3081 
   Co09-SC30  1 0.3478 0.2882 0.3640 
   Co09-SC31  1 0.3243 0.3499 0.3258 
   Co09-SF05  1 0.3351 0.3256 0.3393 
   Co09-SF08  1 0.3112 0.3722 0.3166 
   Co09-SF12  1 0.3313 0.3259 0.3428 
   Co09-SF13  1 0.3389 0.3373 0.3237 
   Co09-SF15  1 0.3266 0.3390 0.3343 
   Co09-SF16  1 0.3325 0.3282 0.3392 
   Co09-SF20  1 0.3314 0.3347 0.3340 
   Co09-SF21  1 0.3342 0.3376 0.3282 
   Co09-SF22  1 0.3119 0.3822 0.3059 
   Co09-SF24  1 0.3396 0.3101 0.3503 
   Co09-SF25  1 0.3541 0.2992 0.3467 
   Co09-SF27  1 0.3497 0.3018 0.3485 
   Co09-SF28  1 0.3364 0.3164 0.3472 
   Co09-SF29  1 0.3426 0.3140 0.3434 
   Co09-SF30  1 0.3353 0.3409 0.3239 
  Co09-SF301  1 0.3372 0.3257 0.3371 
  Co09-SF302  1 0.3382 0.3328 0.3290 
  Co09-SF303  1 0.3505 0.3117 0.3378 
  Co09-SF304  1 0.3456 0.3256 0.3288 
  Co09-SF307  1 0.3427 0.3074 0.3499 
  Co09-SF308  1 0.3264 0.3531 0.3205 
  Co09-SF309  1 0.3115 0.3688 0.3197 
  Co09-SF310  1 0.3522 0.3126 0.3352 
  Co09-SF311  1 0.3371 0.3306 0.3323 
  Co09-SF324  1 0.3313 0.3332 0.3355 
  Co09-SF328  1 0.3411 0.3038 0.3551 
  Co09-SF331  1 0.3210 0.3731 0.3059 
  Co09-SF335  1 0.3221 0.3610 0.3170 
  Co09-SF341  1 0.3022 0.3909 0.3070 
  Co09-SF349  1 0.3548 0.3051 0.3401 
   Co10-SF50  1 0.3417 0.3125 0.3458 
   Co13-2082  1 0.3474 0.3066 0.3461 
   Co13-2084  1 0.3425 0.3140 0.3435 
   Co13-2085  1 0.3244 0.3500 0.3256 
   Co13-2086  1 0.3333 0.3173 0.3494 
   Co13-2087  1 0.3341 0.3370 0.3290 
   Co13-2092  1 0.3398 0.3273 0.3329 
   Co13-2093  1 0.3264 0.3346 0.3389 
   Co13-2097  1 0.3293 0.3501 0.3206 
   Co13-2098  1 0.3369 0.3220 0.3411 
   Co13-2099  1 0.3362 0.3161 0.3477 
   Co13-2100  1 0.3165 0.3551 0.3284 
   Co13-2101  1 0.3171 0.3650 0.3179 
   Co13-2102  1 0.3526 0.2817 0.3657 
   Co13-2103  1 0.3502 0.3069 0.3428 
   Co13-2104  1 0.3298 0.3211 0.3492 
   Co13-2105  1 0.3332 0.3352 0.3317 
   Co13-2106  1 0.3299 0.3414 0.3287 
   Co13-2107  1 0.3396 0.3104 0.3499 
   Co13-2108  1 0.3475 0.3069 0.3457 
   Co13-2109  1 0.3366 0.3244 0.3390 
   Co13-2110  1 0.3386 0.3203 0.3411 
   Co13-2111  1 0.3381 0.3242 0.3377 
   Co13-2112  1 0.3336 0.3196 0.3468 
   Co13-2114  1 0.3379 0.3258 0.3362 
   Co13-2115  1 0.3481 0.3106 0.3413 
   Co13-2116  1 0.3157 0.3704 0.3139 
   Co13-2117  1 0.3146 0.3714 0.3140 
   Co13-2119  1 0.3279 0.3547 0.3174 
   Co13-2120  1 0.3275 0.3487 0.3237 
   Co13-2121  1 0.3399 0.3294 0.3307 
   Co13-2122  1 0.3278 0.3471 0.3251 
   Co13-2123  1 0.3450 0.3090 0.3460 
   Co13-2124  1 0.3481 0.3071 0.3448 
   Co13-2125  1 0.3514 0.2989 0.3497 
   Co13-2126  1 0.3365 0.3355 0.3280 
   Co13-2127  1 0.3506 0.3045 0.3449 
   Co13-2128  1 0.3427 0.3055 0.3518 
   Co13-2129  1 0.3271 0.3538 0.3192 
   Co13-2130  1 0.3237 0.3584 0.3180 
   Co13-2131  1 0.3516 0.2995 0.3488 
   Co13-2132  1 0.3303 0.3237 0.3460 
   Co13-2133  1 0.3347 0.3517 0.3136 
   Co13-2134  1 0.3329 0.3324 0.3347 
   Co13-2135  1 0.3463 0.3028 0.3509 
   Co13-2136  1 0.3339 0.3188 0.3473 
   Co13-2137  1 0.3454 0.3159 0.3387 
   Co13-2139  1 0.3325 0.3202 0.3473 
   Co13-2140  1 0.3450 0.3076 0.3473 
   Co13-2141  1 0.3071 0.3973 0.2957 
   Co13-2142  1 0.3365 0.3324 0.3312 
   Co13-2143  1 0.3286 0.3639 0.3074 
   Co13-2144  1 0.3406 0.3154 0.3441 
   Co13-2145  1 0.3354 0.3299 0.3347 
   Co13-2146  1 0.3308 0.3314 0.3377 
   Co13-2147  1 0.3090 0.3738 0.3171 
   Co13-2149  1 0.3331 0.3199 0.3470 
   Co13-2150  1 0.3238 0.3565 0.3197 
   Co13-2184  1 0.3565 0.2931 0.3504 
    Co13-Tg1  1 0.3261 0.3466 0.3272 
     Co17-01  1 0.3297 0.3423 0.3280 
     Co17-02  1 0.3230 0.3653 0.3117 
     Co17-03  1 0.3145 0.3704 0.3152 
     Co17-04  1 0.3299 0.3310 0.3390 
     Co17-05  1 0.3264 0.3424 0.3312 
     Co17-06  1 0.3191 0.3645 0.3164 
     Co17-07  1 0.3304 0.3280 0.3416 
     Co17-08  1 0.3085 0.3866 0.3050 
     Co17-09  1 0.3348 0.3283 0.3369 
     Co17-10  1 0.3386 0.3304 0.3311 
     Co17-11  1 0.3172 0.3663 0.3165 
     Co17-12  1 0.3391 0.2941 0.3668 
     Co17-13  1 0.3331 0.3349 0.3320 
     Co17-14  1 0.3385 0.3036 0.3579 
     Co17-15  1 0.3207 0.3539 0.3254 
     Co17-16  1 0.3339 0.3343 0.3317 
     Co17-17  1 0.3251 0.3448 0.3301 
     Co17-18  1 0.3324 0.3360 0.3316 
     Co17-19  1 0.3348 0.3235 0.3417 
     Co17-20  1 0.3273 0.3406 0.3322 
     Co17-21  1 0.3318 0.3278 0.3404 
     Co17-22  1 0.3263 0.3424 0.3314 
     Co17-23  1 0.3461 0.3016 0.3523 
     Co17-24  1 0.3229 0.3489 0.3282 
     Co17-25  1 0.3302 0.3469 0.3228 
     Co17-26  1 0.3286 0.3548 0.3166 
     Co17-27  1 0.3203 0.3493 0.3303 
     Co17-28  1 0.3434 0.3005 0.3561 
     Co17-29  1 0.3310 0.3461 0.3229 
     Co17-30  1 0.3449 0.3074 0.3477 
     Co17-31  1 0.3425 0.3248 0.3326 
     Co17-32  1 0.3440 0.3055 0.3506 
     Co17-34  1 0.3390 0.3241 0.3369 
     Co17-35  1 0.3440 0.3109 0.3450 
     Co17-36  1 0.3524 0.2850 0.3626 
     Co17-37  1 0.3286 0.3463 0.3252 
     Co17-38  1 0.3385 0.3247 0.3367 
     Co17-39  1 0.3277 0.3449 0.3274 
     Co17-40  1 0.3459 0.2911 0.3630 
     Co17-41  1 0.3433 0.3143 0.3424 
     Co17-43  1 0.3460 0.3175 0.3365 
     Co17-46  1 0.3372 0.3275 0.3353 
     Co17-47  1 0.3400 0.3189 0.3411 
     Co17-48  1 0.3375 0.3254 0.3371 
     Co17-49  1 0.3201 0.3551 0.3248 
     Co17-50  1 0.3452 0.3049 0.3499 
     Co17-51  1 0.3187 0.3605 0.3208 
     Co17-52  1 0.3408 0.3167 0.3425 
     Co17-53  1 0.3281 0.3489 0.3230 
     Co17-54  1 0.3317 0.3149 0.3534 
     Co17-55  1 0.3323 0.3463 0.3214 
     Co17-56  1 0.3256 0.3628 0.3116 
     Co17-57  1 0.3418 0.3243 0.3339 
     Co17-58  1 0.3482 0.3017 0.3501 
     Co17-60  1 0.3207 0.3634 0.3159 
     Co17-62  1 0.3322 0.3416 0.3262 
     Co17-65  1 0.3168 0.3774 0.3057 
     Co17-67  1 0.3384 0.3187 0.3428 
     Co17-68  1 0.3386 0.3197 0.3417 
     Co17-69  1 0.3483 0.3000 0.3516 
     Co17-70  1 0.3306 0.3493 0.3201 
     Co17-73  1 0.3283 0.3408 0.3309 
     Co17-74  1 0.3400 0.3251 0.3349 
     Co17-75  1 0.3379 0.3222 0.3398 
     Co17-76  1 0.3366 0.3133 0.3502 
     Co17-77  1 0.3432 0.3170 0.3398 
     Co17-78  1 0.3007 0.4078 0.2916 
     Co17-79  1 0.3310 0.3461 0.3229 
     Co17-80  1 0.3056 0.3942 0.3001 
     Co17-82  1 0.3276 0.3487 0.3237 
