   Co09-CO13  1 0.2544 0.2516 0.2543 0.2396 
   Co09-SC01  1 0.2453 0.2522 0.2465 0.2560 
   Co09-SC02  1 0.2577 0.2507 0.2545 0.2371 
   Co09-SC03  1 0.2486 0.2487 0.2515 0.2512 
   Co09-SC04  1 0.2433 0.2503 0.2458 0.2605 
   Co09-SC05  1 0.2379 0.2485 0.2444 0.2691 
   Co09-SC06  1 0.2571 0.2522 0.2523 0.2383 
   Co09-SC07  1 0.2324 0.2479 0.2431 0.2766 
   Co09-SC08  1 0.2421 0.2490 0.2482 0.2607 
   Co09-SC10  1 0.2535 0.2490 0.2537 0.2437 
   Co09-SC11  1 0.2607 0.2517 0.2517 0.2360 
   Co09-SC12  1 0.2488 0.2495 0.2490 0.2527 
   Co09-SC14  1 0.2514 0.2529 0.2488 0.2469 
   Co09-SC15  1 0.2351 0.2486 0.2447 0.2716 
   Co09-SC16  1 0.2642 0.2492 0.2595 0.2271 
   Co09-SC18  1 0.2410 0.2521 0.2453 0.2616 
   Co09-SC19  1 0.2585 0.2480 0.2567 0.2368 
   Co09-SC20  1 0.2523 0.2491 0.2519 0.2467 
   Co09-SC21  1 0.2450 0.2514 0.2477 0.2559 
   Co09-SC23  1 0.2560 0.2507 0.2535 0.2398 
   Co09-SC24  1 0.2493 0.2497 0.2499 0.2511 
   Co09-SC25  1 0.2481 0.2500 0.2495 0.2525 
   Co09-SC27  1 0.2612 0.2522 0.2545 0.2321 
   Co09-SC28  1 0.2556 0.2499 0.2559 0.2386 
   Co09-SC29  1 0.2645 0.2511 0.2577 0.2267 
   Co09-SC30  1 0.2363 0.2511 0.2410 0.2716 
   Co09-SC31  1 0.2537 0.2491 0.2530 0.2443 
   Co09-SF05  1 0.2514 0.2503 0.2485 0.2498 
   Co09-SF08  1 0.2601 0.2486 0.2558 0.2355 
   Co09-SF12  1 0.2480 0.2489 0.2491 0.2539 
   Co09-SF13  1 0.2511 0.2519 0.2502 0.2469 
   Co09-SF15  1 0.2519 0.2467 0.2526 0.2488 
   Co09-SF16  1 0.2475 0.2490 0.2495 0.2539 
   Co09-SF20  1 0.2480 0.2497 0.2528 0.2495 
   Co09-SF21  1 0.2494 0.2499 0.2509 0.2497 
   Co09-SF22  1 0.2644 0.2498 0.2590 0.2267 
   Co09-SF24  1 0.2422 0.2496 0.2469 0.2613 
   Co09-SF25  1 0.2374 0.2519 0.2426 0.2680 
   Co09-SF27  1 0.2378 0.2525 0.2428 0.2669 
   Co09-SF28  1 0.2428 0.2504 0.2490 0.2578 
   Co09-SF29  1 0.2468 0.2495 0.2484 0.2553 
   Co09-SF30  1 0.2517 0.2498 0.2492 0.2493 
  Co09-SF301  1 0.2488 0.2492 0.2503 0.2517 
  Co09-SF302  1 0.2510 0.2499 0.2504 0.2487 
  Co09-SF303  1 0.2454 0.2532 0.2448 0.2566 
  Co09-SF304  1 0.2497 0.2510 0.2459 0.2534 
  Co09-SF307  1 0.2400 0.2508 0.2434 0.2658 
  Co09-SF308  1 0.2551 0.2503 0.2531 0.2415 
  Co09-SF309  1 0.2580 0.2474 0.2576 0.2371 
  Co09-SF310  1 0.2477 0.2519 0.2434 0.2570 
  Co09-SF311  1 0.2443 0.2518 0.2484 0.2556 
  Co09-SF324  1 0.2509 0.2498 0.2506 0.2487 
  Co09-SF328  1 0.2416 0.2477 0.2476 0.2631 
  Co09-SF331  1 0.2619 0.2499 0.2565 0.2318 
  Co09-SF335  1 0.2598 0.2520 0.2539 0.2343 
  Co09-SF341  1 0.2623 0.2469 0.2629 0.2280 
  Co09-SF349  1 0.2392 0.2508 0.2437 0.2663 
   Co10-SF50  1 0.2462 0.2503 0.2479 0.2556 
   Co13-2082  1 0.2418 0.2483 0.2455 0.2643 
   Co13-2084  1 0.2446 0.2521 0.2460 0.2573 
   Co13-2085  1 0.2579 0.2504 0.2543 0.2374 
   Co13-2086  1 0.2440 0.2470 0.2491 0.2599 
   Co13-2087  1 0.2458 0.2520 0.2492 0.2531 
   Co13-2092  1 0.2490 0.2515 0.2478 0.2517 
   Co13-2093  1 0.2517 0.2474 0.2515 0.2495 
   Co13-2097  1 0.2549 0.2514 0.2504 0.2433 
   Co13-2098  1 0.2477 0.2501 0.2481 0.2542 
   Co13-2099  1 0.2444 0.2480 0.2475 0.2601 
   Co13-2100  1 0.2562 0.2461 0.2566 0.2411 
   Co13-2101  1 0.2581 0.2501 0.2551 0.2368 
   Co13-2102  1 0.2342 0.2474 0.2429 0.2755 
   Co13-2103  1 0.2414 0.2527 0.2438 0.2621 
   Co13-2104  1 0.2419 0.2484 0.2474 0.2623 
   Co13-2105  1 0.2472 0.2519 0.2500 0.2509 
   Co13-2106  1 0.2515 0.2495 0.2509 0.2481 
   Co13-2107  1 0.2452 0.2486 0.2478 0.2585 
   Co13-2108  1 0.2424 0.2503 0.2445 0.2628 
   Co13-2109  1 0.2509 0.2512 0.2473 0.2506 
   Co13-2110  1 0.2486 0.2532 0.2453 0.2529 
   Co13-2111  1 0.2462 0.2496 0.2475 0.2567 
   Co13-2112  1 0.2459 0.2472 0.2493 0.2576 
   Co13-2114  1 0.2493 0.2525 0.2471 0.2511 
   Co13-2115  1 0.2422 0.2494 0.2469 0.2615 
   Co13-2116  1 0.2621 0.2487 0.2587 0.2305 
   Co13-2117  1 0.2624 0.2481 0.2591 0.2304 
   Co13-2119  1 0.2553 0.2502 0.2533 0.2413 
   Co13-2120  1 0.2584 0.2509 0.2522 0.2385 
   Co13-2121  1 0.2492 0.2493 0.2498 0.2517 
   Co13-2122  1 0.2570 0.2496 0.2539 0.2395 
   Co13-2123  1 0.2391 0.2491 0.2455 0.2663 
   Co13-2124  1 0.2398 0.2497 0.2445 0.2660 
   Co13-2125  1 0.2363 0.2530 0.2413 0.2694 
   Co13-2126  1 0.2511 0.2524 0.2506 0.2459 
   Co13-2127  1 0.2380 0.2500 0.2440 0.2680 
   Co13-2128  1 0.2424 0.2486 0.2473 0.2618 
   Co13-2129  1 0.2556 0.2487 0.2540 0.2416 
   Co13-2130  1 0.2608 0.2513 0.2549 0.2330 
   Co13-2131  1 0.2380 0.2515 0.2432 0.2674 
   Co13-2132  1 0.2466 0.2461 0.2515 0.2557 
   Co13-2133  1 0.2560 0.2523 0.2479 0.2438 
   Co13-2134  1 0.2469 0.2493 0.2504 0.2534 
   Co13-2135  1 0.2390 0.2512 0.2435 0.2663 
   Co13-2136  1 0.2454 0.2477 0.2494 0.2576 
   Co13-2137  1 0.2445 0.2513 0.2452 0.2590 
   Co13-2139  1 0.2459 0.2476 0.2494 0.2570 
   Co13-2140  1 0.2358 0.2521 0.2431 0.2691 
   Co13-2141  1 0.2646 0.2501 0.2614 0.2239 
   Co13-2142  1 0.2495 0.2486 0.2493 0.2527 
   Co13-2143  1 0.2552 0.2519 0.2519 0.2411 
   Co13-2144  1 0.2448 0.2488 0.2478 0.2586 
   Co13-2145  1 0.2534 0.2502 0.2496 0.2469 
   Co13-2146  1 0.2514 0.2488 0.2507 0.2492 
   Co13-2147  1 0.2575 0.2494 0.2581 0.2350 
   Co13-2149  1 0.2483 0.2478 0.2488 0.2551 
   Co13-2150  1 0.2594 0.2512 0.2528 0.2366 
   Co13-2184  1 0.2308 0.2506 0.2419 0.2766 
    Co13-Tg1  1 0.2542 0.2497 0.2525 0.2436 
     Co17-01  1 0.2519 0.2501 0.2508 0.2472 
     Co17-02  1 0.2639 0.2483 0.2545 0.2334 
     Co17-03  1 0.2595 0.2496 0.2561 0.2347 
     Co17-04  1 0.2527 0.2479 0.2496 0.2499 
     Co17-05  1 0.2572 0.2481 0.2524 0.2422 
     Co17-06  1 0.2620 0.2504 0.2554 0.2323 
     Co17-07  1 0.2511 0.2484 0.2495 0.2510 
     Co17-08  1 0.2670 0.2477 0.2629 0.2225 
     Co17-09  1 0.2476 0.2495 0.2498 0.2531 
     Co17-10  1 0.2491 0.2533 0.2483 0.2492 
     Co17-11  1 0.2611 0.2494 0.2575 0.2320 
     Co17-12  1 0.2365 0.2464 0.2452 0.2718 
     Co17-13  1 0.2494 0.2501 0.2510 0.2495 
     Co17-14  1 0.2428 0.2482 0.2485 0.2604 
     Co17-15  1 0.2569 0.2480 0.2543 0.2407 
     Co17-16  1 0.2509 0.2488 0.2518 0.2486 
     Co17-17  1 0.2547 0.2498 0.2502 0.2453 
     Co17-18  1 0.2547 0.2522 0.2485 0.2446 
     Co17-19  1 0.2497 0.2495 0.2483 0.2525 
     Co17-20  1 0.2504 0.2484 0.2531 0.2481 
     Co17-21  1 0.2479 0.2506 0.2488 0.2527 
     Co17-22  1 0.2530 0.2494 0.2515 0.2461 
     Co17-23  1 0.2443 0.2483 0.2479 0.2595 
     Co17-24  1 0.2526 0.2461 0.2537 0.2476 
     Co17-25  1 0.2558 0.2517 0.2523 0.2402 
     Co17-26  1 0.2511 0.2508 0.2512 0.2468 
     Co17-27  1 0.2538 0.2490 0.2535 0.2437 
     Co17-28  1 0.2360 0.2487 0.2461 0.2692 
     Co17-29  1 0.2551 0.2516 0.2497 0.2436 
     Co17-30  1 0.2432 0.2506 0.2447 0.2614 
     Co17-31  1 0.2416 0.2521 0.2459 0.2604 
     Co17-32  1 0.2397 0.2475 0.2463 0.2665 
     Co17-34  1 0.2486 0.2508 0.2489 0.2517 
     Co17-35  1 0.2421 0.2503 0.2448 0.2629 
     Co17-36  1 0.2344 0.2480 0.2438 0.2738 
     Co17-37  1 0.2575 0.2515 0.2514 0.2396 
     Co17-38  1 0.2451 0.2513 0.2459 0.2577 
     Co17-39  1 0.2500 0.2513 0.2500 0.2486 
     Co17-40  1 0.2360 0.2492 0.2427 0.2721 
     Co17-41  1 0.2458 0.2510 0.2479 0.2552 
     Co17-43  1 0.2463 0.2515 0.2477 0.2545 
     Co17-46  1 0.2525 0.2482 0.2497 0.2497 
     Co17-47  1 0.2497 0.2498 0.2485 0.2520 
     Co17-48  1 0.2467 0.2509 0.2498 0.2526 
     Co17-49  1 0.2558 0.2488 0.2545 0.2409 
     Co17-50  1 0.2391 0.2506 0.2453 0.2650 
     Co17-51  1 0.2603 0.2495 0.2543 0.2360 
     Co17-52  1 0.2428 0.2513 0.2446 0.2612 
     Co17-53  1 0.2472 0.2487 0.2506 0.2536 
     Co17-54  1 0.2460 0.2477 0.2481 0.2582 
     Co17-55  1 0.2502 0.2530 0.2503 0.2465 
     Co17-56  1 0.2548 0.2517 0.2538 0.2398 
     Co17-57  1 0.2493 0.2560 0.2448 0.2499 
     Co17-58  1 0.2412 0.2503 0.2446 0.2638 
     Co17-60  1 0.2611 0.2515 0.2534 0.2340 
     Co17-62  1 0.2528 0.2517 0.2489 0.2466 
     Co17-65  1 0.2626 0.2512 0.2560 0.2302 
     Co17-67  1 0.2438 0.2491 0.2487 0.2584 
     Co17-68  1 0.2492 0.2522 0.2457 0.2529 
     Co17-69  1 0.2383 0.2523 0.2416 0.2678 
     Co17-70  1 0.2533 0.2517 0.2515 0.2435 
     Co17-73  1 0.2546 0.2502 0.2542 0.2410 
     Co17-74  1 0.2462 0.2507 0.2459 0.2572 
     Co17-75  1 0.2476 0.2505 0.2489 0.2530 
     Co17-76  1 0.2436 0.2475 0.2463 0.2626 
     Co17-77  1 0.2447 0.2534 0.2447 0.2573 
     Co17-78  1 0.2678 0.2489 0.2621 0.2211 
     Co17-79  1 0.2504 0.2510 0.2514 0.2472 
     Co17-80  1 0.2679 0.2506 0.2592 0.2222 
     Co17-82  1 0.2528 0.2497 0.2530 0.2445 
