   Co09-CO13  1 0.3242 0.3224 0.3534 
   Co09-SC01  1 0.3289 0.3413 0.3298 
   Co09-SC02  1 0.3118 0.3241 0.3641 
   Co09-SC03  1 0.3329 0.3280 0.3391 
   Co09-SC04  1 0.3479 0.3452 0.3069 
   Co09-SC05  1 0.3570 0.3485 0.2945 
   Co09-SC06  1 0.3227 0.3347 0.3427 
   Co09-SC07  1 0.3652 0.3488 0.2859 
   Co09-SC08  1 0.3417 0.3369 0.3215 
   Co09-SC10  1 0.3292 0.3215 0.3493 
   Co09-SC11  1 0.3112 0.3282 0.3606 
   Co09-SC12  1 0.3415 0.3381 0.3205 
   Co09-SC14  1 0.3272 0.3368 0.3360 
   Co09-SC15  1 0.3597 0.3440 0.2963 
   Co09-SC16  1 0.3075 0.3103 0.3822 
   Co09-SC18  1 0.3421 0.3488 0.3091 
   Co09-SC19  1 0.3216 0.3199 0.3585 
   Co09-SC20  1 0.3274 0.3321 0.3405 
   Co09-SC21  1 0.3291 0.3415 0.3294 
   Co09-SC23  1 0.3273 0.3233 0.3495 
   Co09-SC24  1 0.3336 0.3291 0.3374 
   Co09-SC25  1 0.3353 0.3341 0.3306 
   Co09-SC27  1 0.3135 0.3316 0.3548 
   Co09-SC28  1 0.3190 0.3193 0.3617 
   Co09-SC29  1 0.3091 0.3171 0.3737 
   Co09-SC30  1 0.3626 0.3481 0.2893 
   Co09-SC31  1 0.3268 0.3247 0.3485 
   Co09-SF05  1 0.3406 0.3358 0.3236 
   Co09-SF08  1 0.3161 0.3145 0.3694 
   Co09-SF12  1 0.3448 0.3291 0.3261 
   Co09-SF13  1 0.3268 0.3385 0.3347 
   Co09-SF15  1 0.3362 0.3224 0.3414 
   Co09-SF16  1 0.3411 0.3299 0.3290 
   Co09-SF20  1 0.3345 0.3251 0.3404 
   Co09-SF21  1 0.3283 0.3357 0.3361 
   Co09-SF22  1 0.3041 0.3170 0.3789 
   Co09-SF24  1 0.3536 0.3358 0.3105 
   Co09-SF25  1 0.3447 0.3553 0.3000 
   Co09-SF27  1 0.3477 0.3569 0.2955 
   Co09-SF28  1 0.3435 0.3345 0.3220 
   Co09-SF29  1 0.3455 0.3397 0.3147 
   Co09-SF30  1 0.3231 0.3347 0.3422 
  Co09-SF301  1 0.3394 0.3383 0.3223 
  Co09-SF302  1 0.3322 0.3383 0.3295 
  Co09-SF303  1 0.3373 0.3532 0.3095 
  Co09-SF304  1 0.3314 0.3484 0.3203 
  Co09-SF307  1 0.3497 0.3463 0.3040 
  Co09-SF308  1 0.3183 0.3207 0.3610 
  Co09-SF309  1 0.3192 0.3120 0.3688 
  Co09-SF310  1 0.3378 0.3512 0.3110 
  Co09-SF311  1 0.3297 0.3375 0.3329 
  Co09-SF324  1 0.3341 0.3293 0.3366 
  Co09-SF328  1 0.3566 0.3348 0.3086 
  Co09-SF331  1 0.3084 0.3199 0.3717 
  Co09-SF335  1 0.3150 0.3226 0.3624 
  Co09-SF341  1 0.3042 0.3004 0.3953 
  Co09-SF349  1 0.3408 0.3533 0.3059 
   Co10-SF50  1 0.3464 0.3416 0.3121 
   Co13-2082  1 0.3476 0.3454 0.3069 
   Co13-2084  1 0.3385 0.3423 0.3192 
   Co13-2085  1 0.3246 0.3247 0.3507 
   Co13-2086  1 0.3456 0.3351 0.3194 
   Co13-2087  1 0.3286 0.3373 0.3341 
   Co13-2092  1 0.3335 0.3397 0.3268 
   Co13-2093  1 0.3437 0.3257 0.3306 
   Co13-2097  1 0.3189 0.3335 0.3476 
   Co13-2098  1 0.3420 0.3348 0.3233 
   Co13-2099  1 0.3483 0.3329 0.3188 
   Co13-2100  1 0.3275 0.3143 0.3582 
   Co13-2101  1 0.3146 0.3152 0.3702 
   Co13-2102  1 0.3707 0.3455 0.2838 
   Co13-2103  1 0.3419 0.3467 0.3114 
   Co13-2104  1 0.3490 0.3360 0.3150 
   Co13-2105  1 0.3276 0.3358 0.3366 
   Co13-2106  1 0.3278 0.3328 0.3393 
   Co13-2107  1 0.3531 0.3333 0.3136 
   Co13-2108  1 0.3442 0.3528 0.3030 
   Co13-2109  1 0.3383 0.3339 0.3278 
   Co13-2110  1 0.3329 0.3458 0.3214 
   Co13-2111  1 0.3369 0.3332 0.3298 
   Co13-2112  1 0.3463 0.3342 0.3195 
   Co13-2114  1 0.3350 0.3449 0.3201 
   Co13-2115  1 0.3477 0.3445 0.3078 
   Co13-2116  1 0.3176 0.3131 0.3693 
   Co13-2117  1 0.3156 0.3163 0.3680 
   Co13-2119  1 0.3216 0.3284 0.3500 
   Co13-2120  1 0.3239 0.3267 0.3493 
   Co13-2121  1 0.3353 0.3352 0.3296 
   Co13-2122  1 0.3274 0.3327 0.3400 
   Co13-2123  1 0.3431 0.3451 0.3119 
   Co13-2124  1 0.3468 0.3459 0.3073 
   Co13-2125  1 0.3466 0.3561 0.2972 
   Co13-2126  1 0.3349 0.3420 0.3231 
   Co13-2127  1 0.3475 0.3513 0.3012 
   Co13-2128  1 0.3488 0.3437 0.3075 
   Co13-2129  1 0.3223 0.3221 0.3556 
   Co13-2130  1 0.3159 0.3307 0.3534 
   Co13-2131  1 0.3429 0.3535 0.3035 
   Co13-2132  1 0.3535 0.3211 0.3254 
   Co13-2133  1 0.3108 0.3390 0.3502 
   Co13-2134  1 0.3356 0.3327 0.3316 
   Co13-2135  1 0.3464 0.3497 0.3039 
   Co13-2136  1 0.3498 0.3277 0.3226 
   Co13-2137  1 0.3431 0.3443 0.3125 
   Co13-2139  1 0.3448 0.3294 0.3258 
   Co13-2140  1 0.3457 0.3574 0.2969 
   Co13-2141  1 0.2935 0.3041 0.4024 
   Co13-2142  1 0.3302 0.3288 0.3410 
   Co13-2143  1 0.3071 0.3325 0.3604 
   Co13-2144  1 0.3472 0.3367 0.3161 
   Co13-2145  1 0.3347 0.3389 0.3264 
   Co13-2146  1 0.3413 0.3297 0.3290 
   Co13-2147  1 0.3175 0.3144 0.3681 
   Co13-2149  1 0.3508 0.3269 0.3223 
   Co13-2150  1 0.3152 0.3266 0.3582 
   Co13-2184  1 0.3492 0.3561 0.2947 
    Co13-Tg1  1 0.3318 0.3244 0.3438 
     Co17-01  1 0.3229 0.3334 0.3437 
     Co17-02  1 0.3164 0.3216 0.3620 
     Co17-03  1 0.3146 0.3139 0.3716 
     Co17-04  1 0.3427 0.3233 0.3339 
     Co17-05  1 0.3322 0.3218 0.3460 
     Co17-06  1 0.3180 0.3226 0.3594 
     Co17-07  1 0.3422 0.3305 0.3274 
     Co17-08  1 0.3080 0.3077 0.3844 
     Co17-09  1 0.3349 0.3331 0.3320 
     Co17-10  1 0.3259 0.3386 0.3355 
     Co17-11  1 0.3172 0.3163 0.3665 
     Co17-12  1 0.3633 0.3395 0.2973 
     Co17-13  1 0.3297 0.3388 0.3315 
     Co17-14  1 0.3589 0.3334 0.3077 
     Co17-15  1 0.3281 0.3178 0.3541 
     Co17-16  1 0.3378 0.3322 0.3300 
     Co17-17  1 0.3300 0.3266 0.3435 
     Co17-18  1 0.3286 0.3332 0.3382 
     Co17-19  1 0.3434 0.3330 0.3236 
     Co17-20  1 0.3309 0.3216 0.3475 
     Co17-21  1 0.3338 0.3347 0.3316 
     Co17-22  1 0.3292 0.3213 0.3495 
     Co17-23  1 0.3585 0.3388 0.3026 
     Co17-24  1 0.3319 0.3172 0.3509 
     Co17-25  1 0.3239 0.3303 0.3458 
     Co17-26  1 0.3116 0.3314 0.3570 
     Co17-27  1 0.3304 0.3199 0.3497 
     Co17-28  1 0.3575 0.3445 0.2979 
     Co17-29  1 0.3247 0.3331 0.3422 
     Co17-30  1 0.3445 0.3455 0.3100 
     Co17-31  1 0.3303 0.3465 0.3232 
     Co17-32  1 0.3582 0.3386 0.3032 
     Co17-34  1 0.3384 0.3383 0.3233 
     Co17-35  1 0.3429 0.3430 0.3140 
     Co17-36  1 0.3596 0.3534 0.2869 
     Co17-37  1 0.3237 0.3344 0.3419 
     Co17-38  1 0.3347 0.3460 0.3192 
     Co17-39  1 0.3234 0.3273 0.3493 
     Co17-40  1 0.3626 0.3484 0.2890 
     Co17-41  1 0.3455 0.3408 0.3137 
     Co17-43  1 0.3370 0.3437 0.3193 
     Co17-46  1 0.3399 0.3310 0.3292 
     Co17-47  1 0.3452 0.3360 0.3188 
     Co17-48  1 0.3409 0.3382 0.3209 
     Co17-49  1 0.3254 0.3159 0.3587 
     Co17-50  1 0.3507 0.3467 0.3026 
     Co17-51  1 0.3189 0.3203 0.3608 
     Co17-52  1 0.3358 0.3508 0.3134 
     Co17-53  1 0.3216 0.3260 0.3524 
     Co17-54  1 0.3480 0.3298 0.3221 
     Co17-55  1 0.3197 0.3390 0.3413 
     Co17-56  1 0.3130 0.3292 0.3578 
     Co17-57  1 0.3245 0.3455 0.3300 
     Co17-58  1 0.3510 0.3454 0.3036 
     Co17-60  1 0.3157 0.3240 0.3603 
     Co17-62  1 0.3242 0.3376 0.3382 
     Co17-65  1 0.3068 0.3181 0.3750 
     Co17-67  1 0.3457 0.3355 0.3188 
     Co17-68  1 0.3363 0.3406 0.3230 
     Co17-69  1 0.3461 0.3522 0.3016 
     Co17-70  1 0.3238 0.3334 0.3427 
     Co17-73  1 0.3331 0.3297 0.3372 
     Co17-74  1 0.3364 0.3365 0.3271 
     Co17-75  1 0.3329 0.3349 0.3322 
     Co17-76  1 0.3472 0.3380 0.3148 
     Co17-77  1 0.3348 0.3570 0.3082 
     Co17-78  1 0.2892 0.2987 0.4121 
     Co17-79  1 0.3252 0.3308 0.3439 
     Co17-80  1 0.3019 0.3075 0.3906 
     Co17-82  1 0.3262 0.3257 0.3481 
