   Co09-CO13  1 0.3274 0.3446 0.3280 
   Co09-SC01  1 0.3323 0.3295 0.3382 
   Co09-SC02  1 0.3120 0.3649 0.3231 
   Co09-SC03  1 0.3313 0.3395 0.3293 
   Co09-SC04  1 0.3452 0.3072 0.3476 
   Co09-SC05  1 0.3614 0.2915 0.3471 
   Co09-SC06  1 0.3222 0.3432 0.3346 
   Co09-SC07  1 0.3640 0.2839 0.3520 
   Co09-SC08  1 0.3401 0.3223 0.3376 
   Co09-SC10  1 0.3284 0.3480 0.3236 
   Co09-SC11  1 0.3140 0.3626 0.3234 
   Co09-SC12  1 0.3418 0.3234 0.3348 
   Co09-SC14  1 0.3286 0.3404 0.3310 
   Co09-SC15  1 0.3614 0.2902 0.3484 
   Co09-SC16  1 0.3059 0.3802 0.3139 
   Co09-SC18  1 0.3427 0.3144 0.3429 
   Co09-SC19  1 0.3165 0.3665 0.3170 
   Co09-SC20  1 0.3265 0.3389 0.3347 
   Co09-SC21  1 0.3311 0.3301 0.3388 
   Co09-SC23  1 0.3243 0.3504 0.3253 
   Co09-SC24  1 0.3344 0.3323 0.3334 
   Co09-SC25  1 0.3351 0.3325 0.3324 
   Co09-SC27  1 0.3159 0.3599 0.3242 
   Co09-SC28  1 0.3199 0.3574 0.3228 
   Co09-SC29  1 0.3087 0.3709 0.3205 
   Co09-SC30  1 0.3613 0.2875 0.3512 
   Co09-SC31  1 0.3228 0.3533 0.3238 
   Co09-SF05  1 0.3396 0.3211 0.3393 
   Co09-SF08  1 0.3148 0.3735 0.3117 
   Co09-SF12  1 0.3399 0.3267 0.3333 
   Co09-SF13  1 0.3265 0.3353 0.3382 
   Co09-SF15  1 0.3354 0.3390 0.3256 
   Co09-SF16  1 0.3404 0.3273 0.3323 
   Co09-SF20  1 0.3352 0.3338 0.3309 
   Co09-SF21  1 0.3286 0.3367 0.3347 
   Co09-SF22  1 0.3023 0.3864 0.3112 
   Co09-SF24  1 0.3497 0.3122 0.3382 
   Co09-SF25  1 0.3492 0.2993 0.3514 
   Co09-SF27  1 0.3478 0.3005 0.3517 
   Co09-SF28  1 0.3444 0.3142 0.3414 
   Co09-SF29  1 0.3462 0.3131 0.3406 
   Co09-SF30  1 0.3287 0.3433 0.3279 
  Co09-SF301  1 0.3358 0.3267 0.3375 
  Co09-SF302  1 0.3326 0.3294 0.3380 
  Co09-SF303  1 0.3416 0.3081 0.3503 
  Co09-SF304  1 0.3340 0.3241 0.3419 
  Co09-SF307  1 0.3468 0.3095 0.3437 
  Co09-SF308  1 0.3219 0.3525 0.3256 
  Co09-SF309  1 0.3161 0.3745 0.3094 
  Co09-SF310  1 0.3440 0.3076 0.3484 
  Co09-SF311  1 0.3324 0.3320 0.3355 
  Co09-SF324  1 0.3361 0.3347 0.3292 
  Co09-SF328  1 0.3543 0.3055 0.3402 
  Co09-SF331  1 0.3077 0.3708 0.3214 
  Co09-SF335  1 0.3158 0.3603 0.3238 
  Co09-SF341  1 0.3024 0.3938 0.3038 
  Co09-SF349  1 0.3493 0.3060 0.3447 
   Co10-SF50  1 0.3471 0.3147 0.3382 
   Co13-2082  1 0.3478 0.3082 0.3440 
   Co13-2084  1 0.3455 0.3121 0.3424 
   Co13-2085  1 0.3221 0.3481 0.3299 
   Co13-2086  1 0.3459 0.3183 0.3358 
   Co13-2087  1 0.3273 0.3372 0.3355 
   Co13-2092  1 0.3383 0.3261 0.3356 
   Co13-2093  1 0.3377 0.3381 0.3242 
   Co13-2097  1 0.3217 0.3475 0.3308 
   Co13-2098  1 0.3398 0.3265 0.3337 
   Co13-2099  1 0.3487 0.3179 0.3334 
   Co13-2100  1 0.3247 0.3580 0.3173 
   Co13-2101  1 0.3145 0.3679 0.3175 
   Co13-2102  1 0.3700 0.2803 0.3496 
   Co13-2103  1 0.3473 0.3045 0.3481 
   Co13-2104  1 0.3431 0.3210 0.3359 
   Co13-2105  1 0.3297 0.3346 0.3357 
   Co13-2106  1 0.3248 0.3441 0.3311 
   Co13-2107  1 0.3520 0.3098 0.3383 
   Co13-2108  1 0.3461 0.3046 0.3493 
   Co13-2109  1 0.3399 0.3239 0.3362 
   Co13-2110  1 0.3347 0.3196 0.3457 
   Co13-2111  1 0.3395 0.3253 0.3352 
   Co13-2112  1 0.3451 0.3206 0.3343 
   Co13-2114  1 0.3332 0.3264 0.3404 
   Co13-2115  1 0.3473 0.3082 0.3445 
   Co13-2116  1 0.3172 0.3680 0.3147 
   Co13-2117  1 0.3143 0.3705 0.3152 
   Co13-2119  1 0.3210 0.3547 0.3243 
   Co13-2120  1 0.3276 0.3464 0.3260 
   Co13-2121  1 0.3377 0.3266 0.3357 
   Co13-2122  1 0.3285 0.3463 0.3252 
   Co13-2123  1 0.3457 0.3101 0.3441 
   Co13-2124  1 0.3486 0.3088 0.3427 
   Co13-2125  1 0.3487 0.2960 0.3554 
   Co13-2126  1 0.3279 0.3338 0.3383 
   Co13-2127  1 0.3495 0.3023 0.3482 
   Co13-2128  1 0.3517 0.3052 0.3431 
   Co13-2129  1 0.3225 0.3561 0.3214 
   Co13-2130  1 0.3136 0.3614 0.3250 
   Co13-2131  1 0.3509 0.2996 0.3495 
   Co13-2132  1 0.3478 0.3253 0.3268 
   Co13-2133  1 0.3160 0.3518 0.3322 
   Co13-2134  1 0.3374 0.3333 0.3293 
   Co13-2135  1 0.3480 0.3033 0.3487 
   Co13-2136  1 0.3483 0.3193 0.3324 
   Co13-2137  1 0.3433 0.3133 0.3435 
   Co13-2139  1 0.3424 0.3236 0.3340 
   Co13-2140  1 0.3430 0.3085 0.3485 
   Co13-2141  1 0.2928 0.4018 0.3054 
   Co13-2142  1 0.3346 0.3341 0.3313 
   Co13-2143  1 0.3119 0.3619 0.3263 
   Co13-2144  1 0.3457 0.3154 0.3389 
   Co13-2145  1 0.3371 0.3293 0.3336 
   Co13-2146  1 0.3373 0.3297 0.3330 
   Co13-2147  1 0.3112 0.3753 0.3134 
   Co13-2149  1 0.3494 0.3195 0.3311 
   Co13-2150  1 0.3159 0.3595 0.3247 
   Co13-2184  1 0.3538 0.2926 0.3536 
    Co13-Tg1  1 0.3291 0.3460 0.3249 
     Co17-01  1 0.3221 0.3429 0.3350 
     Co17-02  1 0.3160 0.3647 0.3193 
     Co17-03  1 0.3123 0.3721 0.3156 
     Co17-04  1 0.3427 0.3286 0.3287 
     Co17-05  1 0.3323 0.3411 0.3267 
     Co17-06  1 0.3150 0.3666 0.3184 
     Co17-07  1 0.3388 0.3296 0.3316 
     Co17-08  1 0.3069 0.3861 0.3070 
     Co17-09  1 0.3354 0.3295 0.3351 
     Co17-10  1 0.3305 0.3295 0.3400 
     Co17-11  1 0.3163 0.3588 0.3249 
     Co17-12  1 0.3620 0.2933 0.3447 
     Co17-13  1 0.3315 0.3361 0.3324 
     Co17-14  1 0.3559 0.3040 0.3401 
     Co17-15  1 0.3248 0.3532 0.3220 
     Co17-16  1 0.3341 0.3344 0.3315 
     Co17-17  1 0.3249 0.3463 0.3288 
     Co17-18  1 0.3304 0.3363 0.3333 
     Co17-19  1 0.3403 0.3239 0.3358 
     Co17-20  1 0.3323 0.3399 0.3278 
     Co17-21  1 0.3331 0.3317 0.3352 
     Co17-22  1 0.3300 0.3450 0.3251 
     Co17-23  1 0.3575 0.2993 0.3432 
     Co17-24  1 0.3318 0.3494 0.3188 
     Co17-25  1 0.3260 0.3448 0.3291 
     Co17-26  1 0.3167 0.3563 0.3269 
     Co17-27  1 0.3283 0.3475 0.3243 
     Co17-28  1 0.3528 0.3007 0.3465 
     Co17-29  1 0.3271 0.3438 0.3291 
     Co17-30  1 0.3503 0.3047 0.3450 
     Co17-31  1 0.3318 0.3247 0.3435 
     Co17-32  1 0.3551 0.3046 0.3403 
     Co17-34  1 0.3404 0.3211 0.3385 
     Co17-35  1 0.3468 0.3116 0.3416 
     Co17-36  1 0.3630 0.2860 0.3510 
     Co17-37  1 0.3231 0.3426 0.3342 
     Co17-38  1 0.3358 0.3241 0.3401 
     Co17-39  1 0.3268 0.3458 0.3274 
     Co17-40  1 0.3616 0.2907 0.3476 
     Co17-41  1 0.3464 0.3106 0.3430 
     Co17-43  1 0.3400 0.3179 0.3422 
     Co17-46  1 0.3384 0.3269 0.3347 
     Co17-47  1 0.3447 0.3182 0.3371 
     Co17-48  1 0.3372 0.3261 0.3367 
     Co17-49  1 0.3220 0.3581 0.3199 
     Co17-50  1 0.3494 0.3051 0.3455 
     Co17-51  1 0.3152 0.3606 0.3242 
     Co17-52  1 0.3377 0.3200 0.3422 
     Co17-53  1 0.3243 0.3498 0.3258 
     Co17-54  1 0.3461 0.3161 0.3378 
     Co17-55  1 0.3180 0.3474 0.3346 
     Co17-56  1 0.3131 0.3663 0.3205 
     Co17-57  1 0.3351 0.3228 0.3421 
     Co17-58  1 0.3573 0.2994 0.3433 
     Co17-60  1 0.3154 0.3604 0.3242 
     Co17-62  1 0.3261 0.3403 0.3336 
     Co17-65  1 0.3066 0.3739 0.3195 
     Co17-67  1 0.3450 0.3164 0.3385 
     Co17-68  1 0.3395 0.3201 0.3404 
     Co17-69  1 0.3481 0.3011 0.3508 
     Co17-70  1 0.3214 0.3498 0.3287 
     Co17-73  1 0.3289 0.3402 0.3308 
     Co17-74  1 0.3398 0.3232 0.3370 
     Co17-75  1 0.3391 0.3198 0.3410 
     Co17-76  1 0.3450 0.3132 0.3419 
     Co17-77  1 0.3366 0.3189 0.3445 
     Co17-78  1 0.2882 0.4128 0.2990 
     Co17-79  1 0.3234 0.3487 0.3280 
     Co17-80  1 0.2959 0.3967 0.3073 
     Co17-82  1 0.3246 0.3531 0.3223 
