   Co09-CO13  1 0.3479 0.3273 0.3248 
   Co09-SC01  1 0.3256 0.3351 0.3393 
   Co09-SC02  1 0.3632 0.3140 0.3228 
   Co09-SC03  1 0.3356 0.3355 0.3289 
   Co09-SC04  1 0.3029 0.3462 0.3509 
   Co09-SC05  1 0.2921 0.3573 0.3506 
   Co09-SC06  1 0.3430 0.3260 0.3311 
   Co09-SC07  1 0.2841 0.3646 0.3514 
   Co09-SC08  1 0.3209 0.3440 0.3351 
   Co09-SC10  1 0.3483 0.3314 0.3203 
   Co09-SC11  1 0.3621 0.3150 0.3229 
   Co09-SC12  1 0.3251 0.3419 0.3330 
   Co09-SC14  1 0.3418 0.3259 0.3322 
   Co09-SC15  1 0.2901 0.3610 0.3489 
   Co09-SC16  1 0.3806 0.3094 0.3100 
   Co09-SC18  1 0.3141 0.3384 0.3475 
   Co09-SC19  1 0.3628 0.3200 0.3172 
   Co09-SC20  1 0.3364 0.3290 0.3346 
   Co09-SC21  1 0.3251 0.3351 0.3398 
   Co09-SC23  1 0.3517 0.3254 0.3229 
   Co09-SC24  1 0.3289 0.3356 0.3355 
   Co09-SC25  1 0.3325 0.3349 0.3326 
   Co09-SC27  1 0.3638 0.3139 0.3223 
   Co09-SC28  1 0.3570 0.3214 0.3216 
   Co09-SC29  1 0.3730 0.3100 0.3170 
   Co09-SC30  1 0.2884 0.3568 0.3549 
   Co09-SC31  1 0.3481 0.3296 0.3223 
   Co09-SF05  1 0.3223 0.3411 0.3366 
   Co09-SF08  1 0.3740 0.3136 0.3124 
   Co09-SF12  1 0.3232 0.3420 0.3348 
   Co09-SF13  1 0.3328 0.3271 0.3402 
   Co09-SF15  1 0.3416 0.3316 0.3268 
   Co09-SF16  1 0.3300 0.3376 0.3324 
   Co09-SF20  1 0.3326 0.3359 0.3315 
   Co09-SF21  1 0.3378 0.3283 0.3339 
   Co09-SF22  1 0.3824 0.3078 0.3098 
   Co09-SF24  1 0.3078 0.3505 0.3417 
   Co09-SF25  1 0.3001 0.3474 0.3525 
   Co09-SF27  1 0.2990 0.3471 0.3539 
   Co09-SF28  1 0.3148 0.3445 0.3407 
   Co09-SF29  1 0.3155 0.3446 0.3399 
   Co09-SF30  1 0.3415 0.3244 0.3342 
  Co09-SF301  1 0.3197 0.3401 0.3403 
  Co09-SF302  1 0.3285 0.3337 0.3377 
  Co09-SF303  1 0.3114 0.3376 0.3510 
  Co09-SF304  1 0.3240 0.3306 0.3454 
  Co09-SF307  1 0.3058 0.3462 0.3480 
  Co09-SF308  1 0.3512 0.3230 0.3258 
  Co09-SF309  1 0.3703 0.3184 0.3112 
  Co09-SF310  1 0.3130 0.3404 0.3466 
  Co09-SF311  1 0.3322 0.3285 0.3393 
  Co09-SF324  1 0.3334 0.3316 0.3350 
  Co09-SF328  1 0.3027 0.3567 0.3406 
  Co09-SF331  1 0.3702 0.3110 0.3188 
  Co09-SF335  1 0.3636 0.3163 0.3201 
  Co09-SF341  1 0.3951 0.3051 0.2998 
  Co09-SF349  1 0.3056 0.3399 0.3545 
   Co10-SF50  1 0.3123 0.3466 0.3411 
   Co13-2082  1 0.3059 0.3500 0.3441 
   Co13-2084  1 0.3153 0.3402 0.3445 
   Co13-2085  1 0.3467 0.3289 0.3244 
   Co13-2086  1 0.3151 0.3493 0.3356 
   Co13-2087  1 0.3355 0.3264 0.3380 
   Co13-2092  1 0.3253 0.3306 0.3442 
   Co13-2093  1 0.3336 0.3391 0.3273 
   Co13-2097  1 0.3545 0.3199 0.3256 
   Co13-2098  1 0.3228 0.3381 0.3391 
   Co13-2099  1 0.3178 0.3439 0.3383 
   Co13-2100  1 0.3574 0.3268 0.3158 
   Co13-2101  1 0.3655 0.3149 0.3196 
   Co13-2102  1 0.2796 0.3675 0.3529 
   Co13-2103  1 0.3053 0.3445 0.3502 
   Co13-2104  1 0.3204 0.3451 0.3344 
   Co13-2105  1 0.3325 0.3346 0.3329 
   Co13-2106  1 0.3385 0.3297 0.3319 
   Co13-2107  1 0.3128 0.3508 0.3364 
   Co13-2108  1 0.3062 0.3438 0.3500 
   Co13-2109  1 0.3262 0.3380 0.3357 
   Co13-2110  1 0.3246 0.3362 0.3391 
   Co13-2111  1 0.3243 0.3396 0.3361 
   Co13-2112  1 0.3175 0.3493 0.3332 
   Co13-2114  1 0.3265 0.3321 0.3415 
   Co13-2115  1 0.3075 0.3493 0.3432 
   Co13-2116  1 0.3699 0.3177 0.3124 
   Co13-2117  1 0.3732 0.3167 0.3101 
   Co13-2119  1 0.3578 0.3189 0.3233 
   Co13-2120  1 0.3548 0.3205 0.3246 
   Co13-2121  1 0.3261 0.3366 0.3373 
   Co13-2122  1 0.3415 0.3315 0.3270 
   Co13-2123  1 0.3105 0.3477 0.3417 
   Co13-2124  1 0.3041 0.3494 0.3465 
   Co13-2125  1 0.2982 0.3455 0.3562 
   Co13-2126  1 0.3292 0.3316 0.3391 
   Co13-2127  1 0.3034 0.3490 0.3476 
   Co13-2128  1 0.3055 0.3510 0.3434 
   Co13-2129  1 0.3540 0.3255 0.3206 
   Co13-2130  1 0.3592 0.3162 0.3247 
   Co13-2131  1 0.2995 0.3472 0.3533 
   Co13-2132  1 0.3259 0.3473 0.3268 
   Co13-2133  1 0.3562 0.3133 0.3305 
   Co13-2134  1 0.3313 0.3359 0.3328 
   Co13-2135  1 0.3032 0.3468 0.3500 
   Co13-2136  1 0.3191 0.3457 0.3351 
   Co13-2137  1 0.3127 0.3407 0.3466 
   Co13-2139  1 0.3202 0.3467 0.3331 
   Co13-2140  1 0.3067 0.3431 0.3502 
   Co13-2141  1 0.3984 0.2977 0.3040 
   Co13-2142  1 0.3332 0.3378 0.3290 
   Co13-2143  1 0.3644 0.3085 0.3271 
   Co13-2144  1 0.3130 0.3451 0.3419 
   Co13-2145  1 0.3282 0.3378 0.3339 
   Co13-2146  1 0.3315 0.3379 0.3307 
   Co13-2147  1 0.3762 0.3130 0.3108 
   Co13-2149  1 0.3214 0.3492 0.3294 
   Co13-2150  1 0.3590 0.3201 0.3209 
   Co13-2184  1 0.2897 0.3564 0.3539 
    Co13-Tg1  1 0.3446 0.3284 0.3270 
     Co17-01  1 0.3399 0.3266 0.3335 
     Co17-02  1 0.3663 0.3146 0.3191 
     Co17-03  1 0.3698 0.3186 0.3117 
     Co17-04  1 0.3334 0.3397 0.3269 
     Co17-05  1 0.3466 0.3285 0.3249 
     Co17-06  1 0.3651 0.3177 0.3172 
     Co17-07  1 0.3274 0.3392 0.3334 
     Co17-08  1 0.3892 0.3077 0.3031 
     Co17-09  1 0.3287 0.3369 0.3343 
     Co17-10  1 0.3306 0.3322 0.3372 
     Co17-11  1 0.3627 0.3168 0.3205 
     Co17-12  1 0.2912 0.3625 0.3463 
     Co17-13  1 0.3344 0.3308 0.3348 
     Co17-14  1 0.3036 0.3545 0.3418 
     Co17-15  1 0.3535 0.3270 0.3195 
     Co17-16  1 0.3381 0.3310 0.3309 
     Co17-17  1 0.3470 0.3289 0.3242 
     Co17-18  1 0.3416 0.3254 0.3330 
     Co17-19  1 0.3250 0.3408 0.3342 
     Co17-20  1 0.3409 0.3302 0.3290 
     Co17-21  1 0.3272 0.3406 0.3323 
     Co17-22  1 0.3460 0.3294 0.3246 
     Co17-23  1 0.3005 0.3536 0.3459 
     Co17-24  1 0.3496 0.3313 0.3191 
     Co17-25  1 0.3456 0.3236 0.3308 
     Co17-26  1 0.3573 0.3160 0.3268 
     Co17-27  1 0.3468 0.3300 0.3232 
     Co17-28  1 0.2955 0.3581 0.3464 
     Co17-29  1 0.3486 0.3212 0.3302 
     Co17-30  1 0.3118 0.3482 0.3400 
     Co17-31  1 0.3228 0.3321 0.3451 
     Co17-32  1 0.3013 0.3554 0.3433 
     Co17-34  1 0.3251 0.3349 0.3399 
     Co17-35  1 0.3101 0.3457 0.3443 
     Co17-36  1 0.2823 0.3654 0.3523 
     Co17-37  1 0.3453 0.3228 0.3319 
     Co17-38  1 0.3233 0.3344 0.3423 
     Co17-39  1 0.3440 0.3233 0.3327 
     Co17-40  1 0.2903 0.3569 0.3528 
     Co17-41  1 0.3130 0.3436 0.3433 
     Co17-43  1 0.3168 0.3374 0.3458 
     Co17-46  1 0.3276 0.3414 0.3310 
     Co17-47  1 0.3198 0.3413 0.3389 
     Co17-48  1 0.3211 0.3407 0.3382 
     Co17-49  1 0.3576 0.3260 0.3164 
     Co17-50  1 0.3013 0.3473 0.3515 
     Co17-51  1 0.3638 0.3209 0.3153 
     Co17-52  1 0.3198 0.3364 0.3437 
     Co17-53  1 0.3491 0.3259 0.3250 
     Co17-54  1 0.3120 0.3486 0.3394 
     Co17-55  1 0.3423 0.3213 0.3364 
     Co17-56  1 0.3630 0.3112 0.3258 
     Co17-57  1 0.3289 0.3281 0.3430 
     Co17-58  1 0.3031 0.3491 0.3479 
     Co17-60  1 0.3624 0.3128 0.3248 
     Co17-62  1 0.3446 0.3236 0.3318 
     Co17-65  1 0.3758 0.3060 0.3182 
     Co17-67  1 0.3182 0.3434 0.3384 
     Co17-68  1 0.3215 0.3371 0.3414 
     Co17-69  1 0.3013 0.3450 0.3538 
     Co17-70  1 0.3480 0.3203 0.3318 
     Co17-73  1 0.3414 0.3304 0.3282 
     Co17-74  1 0.3260 0.3350 0.3390 
     Co17-75  1 0.3201 0.3397 0.3402 
     Co17-76  1 0.3120 0.3492 0.3388 
     Co17-77  1 0.3177 0.3394 0.3429 
     Co17-78  1 0.4139 0.2914 0.2947 
     Co17-79  1 0.3466 0.3238 0.3296 
     Co17-80  1 0.3952 0.3010 0.3038 
     Co17-82  1 0.3487 0.3241 0.3272 
